# === ZP 8.4 AMP I/O spy mulai ===
# hooked CreateFileW (kernel32.dll)
# hooked CreateFileA (kernel32.dll)
# hooked ReadFile
# hooked WriteFile
# hooked DeviceIoControl
# hooked hid.dll!HidD_GetHidGuid
# hid.dll: HidD_OpenDevice tidak ada
# hid.dll: HidD_CreateFile tidak ada
# hid.dll: HidD_Write tidak ada
# hid.dll: HidD_Read tidak ada
# hooked hid.dll!HidD_SetOutputReport
# hooked hid.dll!HidD_GetInputReport
# hooked hid.dll!HidD_SetFeature
# hooked hid.dll!HidD_GetFeature
# hooked hid.dll!HidD_GetAttributes
# hooked hid.dll!HidD_GetPreparsedData
# hooked hid.dll!HidD_FreePreparsedData
# hooked hid.dll!HidD_GetManufacturerString
# hooked hid.dll!HidD_GetProductString
# hooked hid.dll!HidD_GetSerialNumberString
# hooked cfgmgr32!CM_Get_Device_IDW
# hooked SetupDiGetDeviceInstanceIdW
# hooked SetupDiGetDeviceRegistryPropertyW
# hooked ws2_32!WSAConnect
# === semua hook terpasang, waiting for traffic ===
[0.2550] WRITE h=0x5bc n=65
0000  00 AE 1E 00 0F C8 80 0D 06 06 12 06 20 00 0C 00  |............ ...|
0010  20 00 21 F5 4B 00 00 00 00 00 00 00 00 00 00 00  | .!.K...........|
0020  00 00 00 00 00 00 00 00 00 00 00 00 00 00 00 00  |................|
0030  00 00 00 00 00 00 00 00 00 00 00 00 00 00 00 00  |................|
0040  00                                               |.|
[0.6990] WRITE h=0x5bc n=65
0000  00 AE 1E 00 0F C8 80 0D 06 06 12 06 20 00 0C 00  |............ ...|
0010  20 00 21 F5 4B 00 00 00 00 00 00 00 00 00 00 00  | .!.K...........|
0020  00 00 00 00 00 00 00 00 00 00 00 00 00 00 00 00  |................|
0030  00 00 00 00 00 00 00 00 00 00 00 00 00 00 00 00  |................|
0040  00                                               |.|
[1.1370] WRITE h=0x5bc n=65
0000  00 AE 1E 00 0F C8 80 0D 06 06 12 06 20 00 0C 00  |............ ...|
0010  20 00 21 F5 4B 00 00 00 00 00 00 00 00 00 00 00  | .!.K...........|
0020  00 00 00 00 00 00 00 00 00 00 00 00 00 00 00 00  |................|
0030  00 00 00 00 00 00 00 00 00 00 00 00 00 00 00 00  |................|
0040  00                                               |.|
[1.3750] WRITE h=0x5bc n=65
0000  00 AE 1E 00 09 C8 80 07 03 06 1C 00 01 F1 DF 00  |................|
0010  00 00 00 00 00 00 00 00 00 00 00 00 00 00 00 00  |................|
0020  00 00 00 00 00 00 00 00 00 00 00 00 00 00 00 00  |................|
0030  00 00 00 00 00 00 00 00 00 00 00 00 00 00 00 00  |................|
0040  00                                               |.|
[1.6140] WRITE h=0x5bc n=65
0000  00 AE 1E 00 0F C8 80 0D 06 06 12 06 20 00 0C 00  |............ ...|
0010  20 00 21 F5 4B 00 00 00 00 00 00 00 00 00 00 00  | .!.K...........|
0020  00 00 00 00 00 00 00 00 00 00 00 00 00 00 00 00  |................|
0030  00 00 00 00 00 00 00 00 00 00 00 00 00 00 00 00  |................|
0040  00                                               |.|
[2.0330] WRITE h=0x5bc n=65
0000  00 AE 1E 00 0F C8 80 0D 06 06 12 06 20 00 0C 00  |............ ...|
0010  20 00 21 F5 4B 00 00 00 00 00 00 00 00 00 00 00  | .!.K...........|
0020  00 00 00 00 00 00 00 00 00 00 00 00 00 00 00 00  |................|
0030  00 00 00 00 00 00 00 00 00 00 00 00 00 00 00 00  |................|
0040  00                                               |.|
[2.4890] WRITE h=0x5bc n=65
0000  00 AE 1E 00 0F C8 80 0D 06 06 12 06 20 00 0C 00  |............ ...|
0010  20 00 21 F5 4B 00 00 00 00 00 00 00 00 00 00 00  | .!.K...........|
0020  00 00 00 00 00 00 00 00 00 00 00 00 00 00 00 00  |................|
0030  00 00 00 00 00 00 00 00 00 00 00 00 00 00 00 00  |................|
0040  00                                               |.|
[2.9170] WRITE h=0x5bc n=65
0000  00 AE 1E 00 0F C8 80 0D 06 06 12 06 20 00 0C 00  |............ ...|
0010  20 00 21 F5 4B 00 00 00 00 00 00 00 00 00 00 00  | .!.K...........|
0020  00 00 00 00 00 00 00 00 00 00 00 00 00 00 00 00  |................|
0030  00 00 00 00 00 00 00 00 00 00 00 00 00 00 00 00  |................|
0040  00                                               |.|
[3.3400] WRITE h=0x5bc n=65
0000  00 AE 1E 00 0F C8 80 0D 06 06 12 06 20 00 0C 00  |............ ...|
0010  20 00 21 F5 4B 00 00 00 00 00 00 00 00 00 00 00  | .!.K...........|
0020  00 00 00 00 00 00 00 00 00 00 00 00 00 00 00 00  |................|
0030  00 00 00 00 00 00 00 00 00 00 00 00 00 00 00 00  |................|
0040  00                                               |.|
[3.7540] WRITE h=0x5bc n=65
0000  00 AE 1E 00 0F C8 80 0D 06 06 12 06 20 00 0C 00  |............ ...|
0010  20 00 21 F5 4B 00 00 00 00 00 00 00 00 00 00 00  | .!.K...........|
0020  00 00 00 00 00 00 00 00 00 00 00 00 00 00 00 00  |................|
0030  00 00 00 00 00 00 00 00 00 00 00 00 00 00 00 00  |................|
0040  00                                               |.|
[4.1890] WRITE h=0x5bc n=65
0000  00 AE 1E 00 0F C8 80 0D 06 06 12 06 20 00 0C 00  |............ ...|
0010  20 00 21 F5 4B 00 00 00 00 00 00 00 00 00 00 00  | .!.K...........|
0020  00 00 00 00 00 00 00 00 00 00 00 00 00 00 00 00  |................|
0030  00 00 00 00 00 00 00 00 00 00 00 00 00 00 00 00  |................|
0040  00                                               |.|
[4.4480] WRITE h=0x5bc n=65
0000  00 AE 1E 00 09 C8 80 07 03 06 1C 00 01 F1 DF 00  |................|
0010  00 00 00 00 00 00 00 00 00 00 00 00 00 00 00 00  |................|
0020  00 00 00 00 00 00 00 00 00 00 00 00 00 00 00 00  |................|
0030  00 00 00 00 00 00 00 00 00 00 00 00 00 00 00 00  |................|
0040  00                                               |.|
[4.6980] WRITE h=0x5bc n=65
0000  00 AE 1E 00 0F C8 80 0D 06 06 12 06 20 00 0C 00  |............ ...|
0010  20 00 21 F5 4B 00 00 00 00 00 00 00 00 00 00 00  | .!.K...........|
0020  00 00 00 00 00 00 00 00 00 00 00 00 00 00 00 00  |................|
0030  00 00 00 00 00 00 00 00 00 00 00 00 00 00 00 00  |................|
0040  00                                               |.|
[5.1480] WRITE h=0x5bc n=65
0000  00 AE 1E 00 0F C8 80 0D 06 06 12 06 20 00 0C 00  |............ ...|
0010  20 00 21 F5 4B 00 00 00 00 00 00 00 00 00 00 00  | .!.K...........|
0020  00 00 00 00 00 00 00 00 00 00 00 00 00 00 00 00  |................|
0030  00 00 00 00 00 00 00 00 00 00 00 00 00 00 00 00  |................|
0040  00                                               |.|
[5.5830] WRITE h=0x5bc n=65
0000  00 AE 1E 00 0F C8 80 0D 06 06 12 06 20 00 0C 00  |............ ...|
0010  20 00 21 F5 4B 00 00 00 00 00 00 00 00 00 00 00  | .!.K...........|
0020  00 00 00 00 00 00 00 00 00 00 00 00 00 00 00 00  |................|
0030  00 00 00 00 00 00 00 00 00 00 00 00 00 00 00 00  |................|
0040  00                                               |.|
[6.0390] WRITE h=0x5bc n=65
0000  00 AE 1E 00 0F C8 80 0D 06 06 12 06 20 00 0C 00  |............ ...|
0010  20 00 21 F5 4B 00 00 00 00 00 00 00 00 00 00 00  | .!.K...........|
0020  00 00 00 00 00 00 00 00 00 00 00 00 00 00 00 00  |................|
0030  00 00 00 00 00 00 00 00 00 00 00 00 00 00 00 00  |................|
0040  00                                               |.|
[6.4630] WRITE h=0x5bc n=65
0000  00 AE 1E 00 0F C8 80 0D 06 06 12 06 20 00 0C 00  |............ ...|
0010  20 00 21 F5 4B 00 00 00 00 00 00 00 00 00 00 00  | .!.K...........|
0020  00 00 00 00 00 00 00 00 00 00 00 00 00 00 00 00  |................|
0030  00 00 00 00 00 00 00 00 00 00 00 00 00 00 00 00  |................|
0040  00                                               |.|
[6.9230] WRITE h=0x5bc n=65
0000  00 AE 1E 00 0F C8 80 0D 06 06 12 06 20 00 0C 00  |............ ...|
0010  20 00 21 F5 4B 00 00 00 00 00 00 00 00 00 00 00  | .!.K...........|
0020  00 00 00 00 00 00 00 00 00 00 00 00 00 00 00 00  |................|
0030  00 00 00 00 00 00 00 00 00 00 00 00 00 00 00 00  |................|
0040  00                                               |.|
[7.3480] WRITE h=0x5bc n=65
0000  00 AE 1E 00 0F C8 80 0D 06 06 12 06 20 00 0C 00  |............ ...|
0010  20 00 21 F5 4B 00 00 00 00 00 00 00 00 00 00 00  | .!.K...........|
0020  00 00 00 00 00 00 00 00 00 00 00 00 00 00 00 00  |................|
0030  00 00 00 00 00 00 00 00 00 00 00 00 00 00 00 00  |................|
0040  00                                               |.|
[7.5890] WRITE h=0x5bc n=65
0000  00 AE 1E 00 09 C8 80 07 03 06 1C 00 01 F1 DF 00  |................|
0010  00 00 00 00 00 00 00 00 00 00 00 00 00 00 00 00  |................|
0020  00 00 00 00 00 00 00 00 00 00 00 00 00 00 00 00  |................|
0030  00 00 00 00 00 00 00 00 00 00 00 00 00 00 00 00  |................|
0040  00                                               |.|
[7.8400] WRITE h=0x5bc n=65
0000  00 AE 1E 00 0F C8 80 0D 06 06 12 06 20 00 0C 00  |............ ...|
0010  20 00 21 F5 4B 00 00 00 00 00 00 00 00 00 00 00  | .!.K...........|
0020  00 00 00 00 00 00 00 00 00 00 00 00 00 00 00 00  |................|
0030  00 00 00 00 00 00 00 00 00 00 00 00 00 00 00 00  |................|
0040  00                                               |.|
[8.2730] WRITE h=0x5bc n=65
0000  00 AE 1E 00 0F C8 80 0D 06 06 12 06 20 00 0C 00  |............ ...|
0010  20 00 21 F5 4B 00 00 00 00 00 00 00 00 00 00 00  | .!.K...........|
0020  00 00 00 00 00 00 00 00 00 00 00 00 00 00 00 00  |................|
0030  00 00 00 00 00 00 00 00 00 00 00 00 00 00 00 00  |................|
0040  00                                               |.|
[8.6980] WRITE h=0x5bc n=65
0000  00 AE 1E 00 0F C8 80 0D 06 06 12 06 20 00 0C 00  |............ ...|
0010  20 00 21 F5 4B 00 00 00 00 00 00 00 00 00 00 00  | .!.K...........|
0020  00 00 00 00 00 00 00 00 00 00 00 00 00 00 00 00  |................|
0030  00 00 00 00 00 00 00 00 00 00 00 00 00 00 00 00  |................|
0040  00                                               |.|
[9.1400] WRITE h=0x5bc n=65
0000  00 AE 1E 00 0F C8 80 0D 06 06 12 06 20 00 0C 00  |............ ...|
0010  20 00 21 F5 4B 00 00 00 00 00 00 00 00 00 00 00  | .!.K...........|
0020  00 00 00 00 00 00 00 00 00 00 00 00 00 00 00 00  |................|
0030  00 00 00 00 00 00 00 00 00 00 00 00 00 00 00 00  |................|
0040  00                                               |.|
[9.5800] WRITE h=0x5bc n=65
0000  00 AE 1E 00 0F C8 80 0D 06 06 12 06 20 00 0C 00  |............ ...|
0010  20 00 21 F5 4B 00 00 00 00 00 00 00 00 00 00 00  | .!.K...........|
0020  00 00 00 00 00 00 00 00 00 00 00 00 00 00 00 00  |................|
0030  00 00 00 00 00 00 00 00 00 00 00 00 00 00 00 00  |................|
0040  00                                               |.|
[10.0480] WRITE h=0x5bc n=65
0000  00 AE 1E 00 0F C8 80 0D 06 06 12 06 20 00 0C 00  |............ ...|
0010  20 00 21 F5 4B 00 00 00 00 00 00 00 00 00 00 00  | .!.K...........|
0020  00 00 00 00 00 00 00 00 00 00 00 00 00 00 00 00  |................|
0030  00 00 00 00 00 00 00 00 00 00 00 00 00 00 00 00  |................|
0040  00                                               |.|
[10.4970] WRITE h=0x5bc n=65
0000  00 AE 1E 00 0F C8 80 0D 06 06 12 06 20 00 0C 00  |............ ...|
0010  20 00 21 F5 4B 00 00 00 00 00 00 00 00 00 00 00  | .!.K...........|
0020  00 00 00 00 00 00 00 00 00 00 00 00 00 00 00 00  |................|
0030  00 00 00 00 00 00 00 00 00 00 00 00 00 00 00 00  |................|
0040  00                                               |.|
[10.7390] WRITE h=0x5bc n=65
0000  00 AE 1E 00 09 C8 80 07 03 06 1C 00 01 F1 DF 00  |................|
0010  00 00 00 00 00 00 00 00 00 00 00 00 00 00 00 00  |................|
0020  00 00 00 00 00 00 00 00 00 00 00 00 00 00 00 00  |................|
0030  00 00 00 00 00 00 00 00 00 00 00 00 00 00 00 00  |................|
0040  00                                               |.|
[10.9970] WRITE h=0x5bc n=65
0000  00 AE 1E 00 0F C8 80 0D 06 06 12 06 20 00 0C 00  |............ ...|
0010  20 00 21 F5 4B 00 00 00 00 00 00 00 00 00 00 00  | .!.K...........|
0020  00 00 00 00 00 00 00 00 00 00 00 00 00 00 00 00  |................|
0030  00 00 00 00 00 00 00 00 00 00 00 00 00 00 00 00  |................|
0040  00                                               |.|
[11.4470] WRITE h=0x5bc n=65
0000  00 AE 1E 00 0F C8 80 0D 06 06 12 06 20 00 0C 00  |............ ...|
0010  20 00 21 F5 4B 00 00 00 00 00 00 00 00 00 00 00  | .!.K...........|
0020  00 00 00 00 00 00 00 00 00 00 00 00 00 00 00 00  |................|
0030  00 00 00 00 00 00 00 00 00 00 00 00 00 00 00 00  |................|
0040  00                                               |.|
[11.9060] WRITE h=0x5bc n=65
0000  00 AE 1E 00 0F C8 80 0D 06 06 12 06 20 00 0C 00  |............ ...|
0010  20 00 21 F5 4B 00 00 00 00 00 00 00 00 00 00 00  | .!.K...........|
0020  00 00 00 00 00 00 00 00 00 00 00 00 00 00 00 00  |................|
0030  00 00 00 00 00 00 00 00 00 00 00 00 00 00 00 00  |................|
0040  00                                               |.|
[12.3580] WRITE h=0x5bc n=65
0000  00 AE 1E 00 0F C8 80 0D 06 06 12 06 20 00 0C 00  |............ ...|
0010  20 00 21 F5 4B 00 00 00 00 00 00 00 00 00 00 00  | .!.K...........|
0020  00 00 00 00 00 00 00 00 00 00 00 00 00 00 00 00  |................|
0030  00 00 00 00 00 00 00 00 00 00 00 00 00 00 00 00  |................|
0040  00                                               |.|
[12.7810] WRITE h=0x5bc n=65
0000  00 AE 1E 00 0F C8 80 0D 06 06 12 06 20 00 0C 00  |............ ...|
0010  20 00 21 F5 4B 00 00 00 00 00 00 00 00 00 00 00  | .!.K...........|
0020  00 00 00 00 00 00 00 00 00 00 00 00 00 00 00 00  |................|
0030  00 00 00 00 00 00 00 00 00 00 00 00 00 00 00 00  |................|
0040  00                                               |.|
[13.2110] WRITE h=0x5bc n=65
0000  00 AE 1E 00 0F C8 80 0D 06 06 12 06 20 00 0C 00  |............ ...|
0010  20 00 21 F5 4B 00 00 00 00 00 00 00 00 00 00 00  | .!.K...........|
0020  00 00 00 00 00 00 00 00 00 00 00 00 00 00 00 00  |................|
0030  00 00 00 00 00 00 00 00 00 00 00 00 00 00 00 00  |................|
0040  00                                               |.|
[13.6850] WRITE h=0x5bc n=65
0000  00 AE 1E 00 0F C8 80 0D 06 06 12 06 20 00 0C 00  |............ ...|
0010  20 00 21 F5 4B 00 00 00 00 00 00 00 00 00 00 00  | .!.K...........|
0020  00 00 00 00 00 00 00 00 00 00 00 00 00 00 00 00  |................|
0030  00 00 00 00 00 00 00 00 00 00 00 00 00 00 00 00  |................|
0040  00                                               |.|
[13.9230] WRITE h=0x5bc n=65
0000  00 AE 1E 00 09 C8 80 07 03 06 1C 00 01 F1 DF 00  |................|
0010  00 00 00 00 00 00 00 00 00 00 00 00 00 00 00 00  |................|
0020  00 00 00 00 00 00 00 00 00 00 00 00 00 00 00 00  |................|
0030  00 00 00 00 00 00 00 00 00 00 00 00 00 00 00 00  |................|
0040  00                                               |.|
[14.1800] WRITE h=0x5bc n=65
0000  00 AE 1E 00 0F C8 80 0D 06 06 12 06 20 00 0C 00  |............ ...|
0010  20 00 21 F5 4B 00 00 00 00 00 00 00 00 00 00 00  | .!.K...........|
0020  00 00 00 00 00 00 00 00 00 00 00 00 00 00 00 00  |................|
0030  00 00 00 00 00 00 00 00 00 00 00 00 00 00 00 00  |................|
0040  00                                               |.|
[14.6140] WRITE h=0x5bc n=65
0000  00 AE 1E 00 0F C8 80 0D 06 06 12 06 20 00 0C 00  |............ ...|
0010  20 00 21 F5 4B 00 00 00 00 00 00 00 00 00 00 00  | .!.K...........|
0020  00 00 00 00 00 00 00 00 00 00 00 00 00 00 00 00  |................|
0030  00 00 00 00 00 00 00 00 00 00 00 00 00 00 00 00  |................|
0040  00                                               |.|
[15.0500] WRITE h=0x5bc n=65
0000  00 AE 1E 00 0F C8 80 0D 06 06 12 06 20 00 0C 00  |............ ...|
0010  20 00 21 F5 4B 00 00 00 00 00 00 00 00 00 00 00  | .!.K...........|
0020  00 00 00 00 00 00 00 00 00 00 00 00 00 00 00 00  |................|
0030  00 00 00 00 00 00 00 00 00 00 00 00 00 00 00 00  |................|
0040  00                                               |.|
[15.4730] WRITE h=0x5bc n=65
0000  00 AE 1E 00 0F C8 80 0D 06 06 12 06 20 00 0C 00  |............ ...|
0010  20 00 21 F5 4B 00 00 00 00 00 00 00 00 00 00 00  | .!.K...........|
0020  00 00 00 00 00 00 00 00 00 00 00 00 00 00 00 00  |................|
0030  00 00 00 00 00 00 00 00 00 00 00 00 00 00 00 00  |................|
0040  00                                               |.|
[15.9140] WRITE h=0x5bc n=65
0000  00 AE 1E 00 0F C8 80 0D 06 06 12 06 20 00 0C 00  |............ ...|
0010  20 00 21 F5 4B 00 00 00 00 00 00 00 00 00 00 00  | .!.K...........|
0020  00 00 00 00 00 00 00 00 00 00 00 00 00 00 00 00  |................|
0030  00 00 00 00 00 00 00 00 00 00 00 00 00 00 00 00  |................|
0040  00                                               |.|
[16.3380] WRITE h=0x5bc n=65
0000  00 AE 1E 00 0F C8 80 0D 06 06 12 06 20 00 0C 00  |............ ...|
0010  20 00 21 F5 4B 00 00 00 00 00 00 00 00 00 00 00  | .!.K...........|
0020  00 00 00 00 00 00 00 00 00 00 00 00 00 00 00 00  |................|
0030  00 00 00 00 00 00 00 00 00 00 00 00 00 00 00 00  |................|
0040  00                                               |.|
[16.7560] WRITE h=0x5bc n=65
0000  00 AE 1E 00 0F C8 80 0D 06 06 12 06 20 00 0C 00  |............ ...|
0010  20 00 21 F5 4B 00 00 00 00 00 00 00 00 00 00 00  | .!.K...........|
0020  00 00 00 00 00 00 00 00 00 00 00 00 00 00 00 00  |................|
0030  00 00 00 00 00 00 00 00 00 00 00 00 00 00 00 00  |................|
0040  00                                               |.|
[17.0010] WRITE h=0x5bc n=65
0000  00 AE 1E 00 09 C8 80 07 03 06 1C 00 01 F1 DF 00  |................|
0010  00 00 00 00 00 00 00 00 00 00 00 00 00 00 00 00  |................|
0020  00 00 00 00 00 00 00 00 00 00 00 00 00 00 00 00  |................|
0030  00 00 00 00 00 00 00 00 00 00 00 00 00 00 00 00  |................|
0040  00                                               |.|
[17.2400] WRITE h=0x5bc n=65
0000  00 AE 1E 00 0F C8 80 0D 06 06 12 06 20 00 0C 00  |............ ...|
0010  20 00 21 F5 4B 00 00 00 00 00 00 00 00 00 00 00  | .!.K...........|
0020  00 00 00 00 00 00 00 00 00 00 00 00 00 00 00 00  |................|
0030  00 00 00 00 00 00 00 00 00 00 00 00 00 00 00 00  |................|
0040  00                                               |.|
[17.6490] WRITE h=0x5bc n=65
0000  00 AE 1E 00 0F C8 80 0D 06 06 12 06 20 00 0C 00  |............ ...|
0010  20 00 21 F5 4B 00 00 00 00 00 00 00 00 00 00 00  | .!.K...........|
0020  00 00 00 00 00 00 00 00 00 00 00 00 00 00 00 00  |................|
0030  00 00 00 00 00 00 00 00 00 00 00 00 00 00 00 00  |................|
0040  00                                               |.|
[18.0730] WRITE h=0x5bc n=65
0000  00 AE 1E 00 0F C8 80 0D 06 06 12 06 20 00 0C 00  |............ ...|
0010  20 00 21 F5 4B 00 00 00 00 00 00 00 00 00 00 00  | .!.K...........|
0020  00 00 00 00 00 00 00 00 00 00 00 00 00 00 00 00  |................|
0030  00 00 00 00 00 00 00 00 00 00 00 00 00 00 00 00  |................|
0040  00                                               |.|
[18.4810] WRITE h=0x5bc n=65
0000  00 AE 1E 00 0F C8 80 0D 06 06 12 06 20 00 0C 00  |............ ...|
0010  20 00 21 F5 4B 00 00 00 00 00 00 00 00 00 00 00  | .!.K...........|
0020  00 00 00 00 00 00 00 00 00 00 00 00 00 00 00 00  |................|
0030  00 00 00 00 00 00 00 00 00 00 00 00 00 00 00 00  |................|
0040  00                                               |.|
[18.8980] WRITE h=0x5bc n=65
0000  00 AE 1E 00 0F C8 80 0D 06 06 12 06 20 00 0C 00  |............ ...|
0010  20 00 21 F5 4B 00 00 00 00 00 00 00 00 00 00 00  | .!.K...........|
0020  00 00 00 00 00 00 00 00 00 00 00 00 00 00 00 00  |................|
0030  00 00 00 00 00 00 00 00 00 00 00 00 00 00 00 00  |................|
0040  00                                               |.|
[19.3150] WRITE h=0x5bc n=65
0000  00 AE 1E 00 0F C8 80 0D 06 06 12 06 20 00 0C 00  |............ ...|
0010  20 00 21 F5 4B 00 00 00 00 00 00 00 00 00 00 00  | .!.K...........|
0020  00 00 00 00 00 00 00 00 00 00 00 00 00 00 00 00  |................|
0030  00 00 00 00 00 00 00 00 00 00 00 00 00 00 00 00  |................|
0040  00                                               |.|
[19.7230] WRITE h=0x5bc n=65
0000  00 AE 1E 00 0F C8 80 0D 06 06 12 06 20 00 0C 00  |............ ...|
0010  20 00 21 F5 4B 00 00 00 00 00 00 00 00 00 00 00  | .!.K...........|
0020  00 00 00 00 00 00 00 00 00 00 00 00 00 00 00 00  |................|
0030  00 00 00 00 00 00 00 00 00 00 00 00 00 00 00 00  |................|
0040  00                                               |.|
[19.9570] WRITE h=0x5bc n=65
0000  00 AE 1E 00 09 C8 80 07 03 06 1C 00 01 F1 DF 00  |................|
0010  00 00 00 00 00 00 00 00 00 00 00 00 00 00 00 00  |................|
0020  00 00 00 00 00 00 00 00 00 00 00 00 00 00 00 00  |................|
0030  00 00 00 00 00 00 00 00 00 00 00 00 00 00 00 00  |................|
0040  00                                               |.|
[20.2150] WRITE h=0x5bc n=65
0000  00 AE 1E 00 0F C8 80 0D 06 06 12 06 20 00 0C 00  |............ ...|
0010  20 00 21 F5 4B 00 00 00 00 00 00 00 00 00 00 00  | .!.K...........|
0020  00 00 00 00 00 00 00 00 00 00 00 00 00 00 00 00  |................|
0030  00 00 00 00 00 00 00 00 00 00 00 00 00 00 00 00  |................|
0040  00                                               |.|
[20.6230] WRITE h=0x5bc n=65
0000  00 AE 1E 00 0F C8 80 0D 06 06 12 06 20 00 0C 00  |............ ...|
0010  20 00 21 F5 4B 00 00 00 00 00 00 00 00 00 00 00  | .!.K...........|
0020  00 00 00 00 00 00 00 00 00 00 00 00 00 00 00 00  |................|
0030  00 00 00 00 00 00 00 00 00 00 00 00 00 00 00 00  |................|
0040  00                                               |.|
[21.0390] WRITE h=0x5bc n=65
0000  00 AE 1E 00 0F C8 80 0D 06 06 12 06 20 00 0C 00  |............ ...|
0010  20 00 21 F5 4B 00 00 00 00 00 00 00 00 00 00 00  | .!.K...........|
0020  00 00 00 00 00 00 00 00 00 00 00 00 00 00 00 00  |................|
0030  00 00 00 00 00 00 00 00 00 00 00 00 00 00 00 00  |................|
0040  00                                               |.|
[21.4660] WRITE h=0x5bc n=65
0000  00 AE 1E 00 0F C8 80 0D 06 06 12 06 20 00 0C 00  |............ ...|
0010  20 00 21 F5 4B 00 00 00 00 00 00 00 00 00 00 00  | .!.K...........|
0020  00 00 00 00 00 00 00 00 00 00 00 00 00 00 00 00  |................|
0030  00 00 00 00 00 00 00 00 00 00 00 00 00 00 00 00  |................|
0040  00                                               |.|
[21.8980] WRITE h=0x5bc n=65
0000  00 AE 1E 00 0F C8 80 0D 06 06 12 06 20 00 0C 00  |............ ...|
0010  20 00 21 F5 4B 00 00 00 00 00 00 00 00 00 00 00  | .!.K...........|
0020  00 00 00 00 00 00 00 00 00 00 00 00 00 00 00 00  |................|
0030  00 00 00 00 00 00 00 00 00 00 00 00 00 00 00 00  |................|
0040  00                                               |.|
[22.3310] WRITE h=0x5bc n=65
0000  00 AE 1E 00 0F C8 80 0D 06 06 12 06 20 00 0C 00  |............ ...|
0010  20 00 21 F5 4B 00 00 00 00 00 00 00 00 00 00 00  | .!.K...........|
0020  00 00 00 00 00 00 00 00 00 00 00 00 00 00 00 00  |................|
0030  00 00 00 00 00 00 00 00 00 00 00 00 00 00 00 00  |................|
0040  00                                               |.|
[22.7880] WRITE h=0x5bc n=65
0000  00 AE 1E 00 0F C8 80 0D 06 06 12 06 20 00 0C 00  |............ ...|
0010  20 00 21 F5 4B 00 00 00 00 00 00 00 00 00 00 00  | .!.K...........|
0020  00 00 00 00 00 00 00 00 00 00 00 00 00 00 00 00  |................|
0030  00 00 00 00 00 00 00 00 00 00 00 00 00 00 00 00  |................|
0040  00                                               |.|
[23.0550] WRITE h=0x5bc n=65
0000  00 AE 1E 00 09 C8 80 07 03 06 1C 00 01 F1 DF 00  |................|
0010  00 00 00 00 00 00 00 00 00 00 00 00 00 00 00 00  |................|
0020  00 00 00 00 00 00 00 00 00 00 00 00 00 00 00 00  |................|
0030  00 00 00 00 00 00 00 00 00 00 00 00 00 00 00 00  |................|
0040  00                                               |.|
[23.3140] WRITE h=0x5bc n=65
0000  00 AE 1E 00 0F C8 80 0D 06 06 12 06 20 00 0C 00  |............ ...|
0010  20 00 21 F5 4B 00 00 00 00 00 00 00 00 00 00 00  | .!.K...........|
0020  00 00 00 00 00 00 00 00 00 00 00 00 00 00 00 00  |................|
0030  00 00 00 00 00 00 00 00 00 00 00 00 00 00 00 00  |................|
0040  00                                               |.|
[23.7550] WRITE h=0x5bc n=65
0000  00 AE 1E 00 0F C8 80 0D 06 06 12 06 20 00 0C 00  |............ ...|
0010  20 00 21 F5 4B 00 00 00 00 00 00 00 00 00 00 00  | .!.K...........|
0020  00 00 00 00 00 00 00 00 00 00 00 00 00 00 00 00  |................|
0030  00 00 00 00 00 00 00 00 00 00 00 00 00 00 00 00  |................|
0040  00                                               |.|
[24.1730] WRITE h=0x5bc n=65
0000  00 AE 1E 00 0F C8 80 0D 06 06 12 06 20 00 0C 00  |............ ...|
0010  20 00 21 F5 4B 00 00 00 00 00 00 00 00 00 00 00  | .!.K...........|
0020  00 00 00 00 00 00 00 00 00 00 00 00 00 00 00 00  |................|
0030  00 00 00 00 00 00 00 00 00 00 00 00 00 00 00 00  |................|
0040  00                                               |.|
[24.5900] WRITE h=0x5bc n=65
0000  00 AE 1E 00 0F C8 80 0D 06 06 12 06 20 00 0C 00  |............ ...|
0010  20 00 21 F5 4B 00 00 00 00 00 00 00 00 00 00 00  | .!.K...........|
0020  00 00 00 00 00 00 00 00 00 00 00 00 00 00 00 00  |................|
0030  00 00 00 00 00 00 00 00 00 00 00 00 00 00 00 00  |................|
0040  00                                               |.|
[25.0230] WRITE h=0x5bc n=65
0000  00 AE 1E 00 0F C8 80 0D 06 06 12 06 20 00 0C 00  |............ ...|
0010  20 00 21 F5 4B 00 00 00 00 00 00 00 00 00 00 00  | .!.K...........|
0020  00 00 00 00 00 00 00 00 00 00 00 00 00 00 00 00  |................|
0030  00 00 00 00 00 00 00 00 00 00 00 00 00 00 00 00  |................|
0040  00                                               |.|
[25.4480] WRITE h=0x5bc n=65
0000  00 AE 1E 00 0F C8 80 0D 06 06 12 06 20 00 0C 00  |............ ...|
0010  20 00 21 F5 4B 00 00 00 00 00 00 00 00 00 00 00  | .!.K...........|
0020  00 00 00 00 00 00 00 00 00 00 00 00 00 00 00 00  |................|
0030  00 00 00 00 00 00 00 00 00 00 00 00 00 00 00 00  |................|
0040  00                                               |.|
[25.8890] WRITE h=0x5bc n=65
0000  00 AE 1E 00 0F C8 80 0D 06 06 12 06 20 00 0C 00  |............ ...|
0010  20 00 21 F5 4B 00 00 00 00 00 00 00 00 00 00 00  | .!.K...........|
0020  00 00 00 00 00 00 00 00 00 00 00 00 00 00 00 00  |................|
0030  00 00 00 00 00 00 00 00 00 00 00 00 00 00 00 00  |................|
0040  00                                               |.|
[26.1220] WRITE h=0x5bc n=65
0000  00 AE 1E 00 09 C8 80 07 03 06 1C 00 01 F1 DF 00  |................|
0010  00 00 00 00 00 00 00 00 00 00 00 00 00 00 00 00  |................|
0020  00 00 00 00 00 00 00 00 00 00 00 00 00 00 00 00  |................|
0030  00 00 00 00 00 00 00 00 00 00 00 00 00 00 00 00  |................|
0040  00                                               |.|
[26.3800] WRITE h=0x5bc n=65
0000  00 AE 1E 00 0F C8 80 0D 06 06 12 06 20 00 0C 00  |............ ...|
0010  20 00 21 F5 4B 00 00 00 00 00 00 00 00 00 00 00  | .!.K...........|
0020  00 00 00 00 00 00 00 00 00 00 00 00 00 00 00 00  |................|
0030  00 00 00 00 00 00 00 00 00 00 00 00 00 00 00 00  |................|
0040  00                                               |.|
[26.7980] WRITE h=0x5bc n=65
0000  00 AE 1E 00 0F C8 80 0D 06 06 12 06 20 00 0C 00  |............ ...|
0010  20 00 21 F5 4B 00 00 00 00 00 00 00 00 00 00 00  | .!.K...........|
0020  00 00 00 00 00 00 00 00 00 00 00 00 00 00 00 00  |................|
0030  00 00 00 00 00 00 00 00 00 00 00 00 00 00 00 00  |................|
0040  00                                               |.|
[27.2470] WRITE h=0x5bc n=65
0000  00 AE 1E 00 0F C8 80 0D 06 06 12 06 20 00 0C 00  |............ ...|
0010  20 00 21 F5 4B 00 00 00 00 00 00 00 00 00 00 00  | .!.K...........|
0020  00 00 00 00 00 00 00 00 00 00 00 00 00 00 00 00  |................|
0030  00 00 00 00 00 00 00 00 00 00 00 00 00 00 00 00  |................|
0040  00                                               |.|
[27.6970] WRITE h=0x5bc n=65
0000  00 AE 1E 00 0F C8 80 0D 06 06 12 06 20 00 0C 00  |............ ...|
0010  20 00 21 F5 4B 00 00 00 00 00 00 00 00 00 00 00  | .!.K...........|
0020  00 00 00 00 00 00 00 00 00 00 00 00 00 00 00 00  |................|
0030  00 00 00 00 00 00 00 00 00 00 00 00 00 00 00 00  |................|
0040  00                                               |.|
[28.1220] WRITE h=0x5bc n=65
0000  00 AE 1E 00 0F C8 80 0D 06 06 12 06 20 00 0C 00  |............ ...|
0010  20 00 21 F5 4B 00 00 00 00 00 00 00 00 00 00 00  | .!.K...........|
0020  00 00 00 00 00 00 00 00 00 00 00 00 00 00 00 00  |................|
0030  00 00 00 00 00 00 00 00 00 00 00 00 00 00 00 00  |................|
0040  00                                               |.|
[28.5400] WRITE h=0x5bc n=65
0000  00 AE 1E 00 0F C8 80 0D 06 06 12 06 20 00 0C 00  |............ ...|
0010  20 00 21 F5 4B 00 00 00 00 00 00 00 00 00 00 00  | .!.K...........|
0020  00 00 00 00 00 00 00 00 00 00 00 00 00 00 00 00  |................|
0030  00 00 00 00 00 00 00 00 00 00 00 00 00 00 00 00  |................|
0040  00                                               |.|
[28.9640] WRITE h=0x5bc n=65
0000  00 AE 1E 00 0F C8 80 0D 06 06 12 06 20 00 0C 00  |............ ...|
0010  20 00 21 F5 4B 00 00 00 00 00 00 00 00 00 00 00  | .!.K...........|
0020  00 00 00 00 00 00 00 00 00 00 00 00 00 00 00 00  |................|
0030  00 00 00 00 00 00 00 00 00 00 00 00 00 00 00 00  |................|
0040  00                                               |.|
[29.2140] WRITE h=0x5bc n=65
0000  00 AE 1E 00 09 C8 80 07 03 06 1C 00 01 F1 DF 00  |................|
0010  00 00 00 00 00 00 00 00 00 00 00 00 00 00 00 00  |................|
0020  00 00 00 00 00 00 00 00 00 00 00 00 00 00 00 00  |................|
0030  00 00 00 00 00 00 00 00 00 00 00 00 00 00 00 00  |................|
0040  00                                               |.|
[29.4570] WRITE h=0x5bc n=65
0000  00 AE 1E 00 0F C8 80 0D 06 06 12 06 20 00 0C 00  |............ ...|
0010  20 00 21 F5 4B 00 00 00 00 00 00 00 00 00 00 00  | .!.K...........|
0020  00 00 00 00 00 00 00 00 00 00 00 00 00 00 00 00  |................|
0030  00 00 00 00 00 00 00 00 00 00 00 00 00 00 00 00  |................|
0040  00                                               |.|
[29.8720] WRITE h=0x5bc n=65
0000  00 AE 1E 00 0F C8 80 0D 06 06 12 06 20 00 0C 00  |............ ...|
0010  20 00 21 F5 4B 00 00 00 00 00 00 00 00 00 00 00  | .!.K...........|
0020  00 00 00 00 00 00 00 00 00 00 00 00 00 00 00 00  |................|
0030  00 00 00 00 00 00 00 00 00 00 00 00 00 00 00 00  |................|
0040  00                                               |.|
[30.3060] WRITE h=0x5bc n=65
0000  00 AE 1E 00 0F C8 80 0D 06 06 12 06 20 00 0C 00  |............ ...|
0010  20 00 21 F5 4B 00 00 00 00 00 00 00 00 00 00 00  | .!.K...........|
0020  00 00 00 00 00 00 00 00 00 00 00 00 00 00 00 00  |................|
0030  00 00 00 00 00 00 00 00 00 00 00 00 00 00 00 00  |................|
0040  00                                               |.|
[30.7420] WRITE h=0x5bc n=65
0000  00 AE 1E 00 0F C8 80 0D 06 06 12 06 20 00 0C 00  |............ ...|
0010  20 00 21 F5 4B 00 00 00 00 00 00 00 00 00 00 00  | .!.K...........|
0020  00 00 00 00 00 00 00 00 00 00 00 00 00 00 00 00  |................|
0030  00 00 00 00 00 00 00 00 00 00 00 00 00 00 00 00  |................|
0040  00                                               |.|
[31.1720] WRITE h=0x5bc n=65
0000  00 AE 1E 00 0F C8 80 0D 06 06 12 06 20 00 0C 00  |............ ...|
0010  20 00 21 F5 4B 00 00 00 00 00 00 00 00 00 00 00  | .!.K...........|
0020  00 00 00 00 00 00 00 00 00 00 00 00 00 00 00 00  |................|
0030  00 00 00 00 00 00 00 00 00 00 00 00 00 00 00 00  |................|
0040  00                                               |.|
[31.6060] WRITE h=0x5bc n=65
0000  00 AE 1E 00 0F C8 80 0D 06 06 12 06 20 00 0C 00  |............ ...|
0010  20 00 21 F5 4B 00 00 00 00 00 00 00 00 00 00 00  | .!.K...........|
0020  00 00 00 00 00 00 00 00 00 00 00 00 00 00 00 00  |................|
0030  00 00 00 00 00 00 00 00 00 00 00 00 00 00 00 00  |................|
0040  00                                               |.|
[32.0590] WRITE h=0x5bc n=65
0000  00 AE 1E 00 0F C8 80 0D 06 06 12 06 20 00 0C 00  |............ ...|
0010  20 00 21 F5 4B 00 00 00 00 00 00 00 00 00 00 00  | .!.K...........|
0020  00 00 00 00 00 00 00 00 00 00 00 00 00 00 00 00  |................|
0030  00 00 00 00 00 00 00 00 00 00 00 00 00 00 00 00  |................|
0040  00                                               |.|
[32.3010] WRITE h=0x5bc n=65
0000  00 AE 1E 00 09 C8 80 07 03 06 1C 00 01 F1 DF 00  |................|
0010  00 00 00 00 00 00 00 00 00 00 00 00 00 00 00 00  |................|
0020  00 00 00 00 00 00 00 00 00 00 00 00 00 00 00 00  |................|
0030  00 00 00 00 00 00 00 00 00 00 00 00 00 00 00 00  |................|
0040  00                                               |.|
[32.5630] WRITE h=0x5bc n=65
0000  00 AE 1E 00 0F C8 80 0D 06 06 12 06 20 00 0C 00  |............ ...|
0010  20 00 21 F5 4B 00 00 00 00 00 00 00 00 00 00 00  | .!.K...........|
0020  00 00 00 00 00 00 00 00 00 00 00 00 00 00 00 00  |................|
0030  00 00 00 00 00 00 00 00 00 00 00 00 00 00 00 00  |................|
0040  00                                               |.|
[32.9980] WRITE h=0x5bc n=65
0000  00 AE 1E 00 0F C8 80 0D 06 06 12 06 20 00 0C 00  |............ ...|
0010  20 00 21 F5 4B 00 00 00 00 00 00 00 00 00 00 00  | .!.K...........|
0020  00 00 00 00 00 00 00 00 00 00 00 00 00 00 00 00  |................|
0030  00 00 00 00 00 00 00 00 00 00 00 00 00 00 00 00  |................|
0040  00                                               |.|
[33.4210] WRITE h=0x5bc n=65
0000  00 AE 1E 00 0F C8 80 0D 06 06 12 06 20 00 0C 00  |............ ...|
0010  20 00 21 F5 4B 00 00 00 00 00 00 00 00 00 00 00  | .!.K...........|
0020  00 00 00 00 00 00 00 00 00 00 00 00 00 00 00 00  |................|
0030  00 00 00 00 00 00 00 00 00 00 00 00 00 00 00 00  |................|
0040  00                                               |.|
[33.8560] WRITE h=0x5bc n=65
0000  00 AE 1E 00 0F C8 80 0D 06 06 12 06 20 00 0C 00  |............ ...|
0010  20 00 21 F5 4B 00 00 00 00 00 00 00 00 00 00 00  | .!.K...........|
0020  00 00 00 00 00 00 00 00 00 00 00 00 00 00 00 00  |................|
0030  00 00 00 00 00 00 00 00 00 00 00 00 00 00 00 00  |................|
0040  00                                               |.|
[34.2920] WRITE h=0x5bc n=65
0000  00 AE 1E 00 0F C8 80 0D 06 06 12 06 20 00 0C 00  |............ ...|
0010  20 00 21 F5 4B 00 00 00 00 00 00 00 00 00 00 00  | .!.K...........|
0020  00 00 00 00 00 00 00 00 00 00 00 00 00 00 00 00  |................|
0030  00 00 00 00 00 00 00 00 00 00 00 00 00 00 00 00  |................|
0040  00                                               |.|
[34.7250] WRITE h=0x5bc n=65
0000  00 AE 1E 00 0F C8 80 0D 06 06 12 06 20 00 0C 00  |............ ...|
0010  20 00 21 F5 4B 00 00 00 00 00 00 00 00 00 00 00  | .!.K...........|
0020  00 00 00 00 00 00 00 00 00 00 00 00 00 00 00 00  |................|
0030  00 00 00 00 00 00 00 00 00 00 00 00 00 00 00 00  |................|
0040  00                                               |.|
[35.1730] WRITE h=0x5bc n=65
0000  00 AE 1E 00 0F C8 80 0D 06 06 12 06 20 00 0C 00  |............ ...|
0010  20 00 21 F5 4B 00 00 00 00 00 00 00 00 00 00 00  | .!.K...........|
0020  00 00 00 00 00 00 00 00 00 00 00 00 00 00 00 00  |................|
0030  00 00 00 00 00 00 00 00 00 00 00 00 00 00 00 00  |................|
0040  00                                               |.|
[35.3970] WRITE h=0x5bc n=65
0000  00 AE 1E 00 09 C8 80 07 03 06 1C 00 01 F1 DF 00  |................|
0010  00 00 00 00 00 00 00 00 00 00 00 00 00 00 00 00  |................|
0020  00 00 00 00 00 00 00 00 00 00 00 00 00 00 00 00  |................|
0030  00 00 00 00 00 00 00 00 00 00 00 00 00 00 00 00  |................|
0040  00                                               |.|
[35.6550] WRITE h=0x5bc n=65
0000  00 AE 1E 00 0F C8 80 0D 06 06 12 06 20 00 0C 00  |............ ...|
0010  20 00 21 F5 4B 00 00 00 00 00 00 00 00 00 00 00  | .!.K...........|
0020  00 00 00 00 00 00 00 00 00 00 00 00 00 00 00 00  |................|
0030  00 00 00 00 00 00 00 00 00 00 00 00 00 00 00 00  |................|
0040  00                                               |.|
[36.1230] WRITE h=0x5bc n=65
0000  00 AE 1E 00 0F C8 80 0D 06 06 12 06 20 00 0C 00  |............ ...|
0010  20 00 21 F5 4B 00 00 00 00 00 00 00 00 00 00 00  | .!.K...........|
0020  00 00 00 00 00 00 00 00 00 00 00 00 00 00 00 00  |................|
0030  00 00 00 00 00 00 00 00 00 00 00 00 00 00 00 00  |................|
0040  00                                               |.|
[36.5640] WRITE h=0x5bc n=65
0000  00 AE 1E 00 0F C8 80 0D 06 06 12 06 20 00 0C 00  |............ ...|
0010  20 00 21 F5 4B 00 00 00 00 00 00 00 00 00 00 00  | .!.K...........|
0020  00 00 00 00 00 00 00 00 00 00 00 00 00 00 00 00  |................|
0030  00 00 00 00 00 00 00 00 00 00 00 00 00 00 00 00  |................|
0040  00                                               |.|
[36.9820] WRITE h=0x5bc n=65
0000  00 AE 1E 00 0F C8 80 0D 06 06 12 06 20 00 0C 00  |............ ...|
0010  20 00 21 F5 4B 00 00 00 00 00 00 00 00 00 00 00  | .!.K...........|
0020  00 00 00 00 00 00 00 00 00 00 00 00 00 00 00 00  |................|
0030  00 00 00 00 00 00 00 00 00 00 00 00 00 00 00 00  |................|
0040  00                                               |.|
[37.4140] WRITE h=0x5bc n=65
0000  00 AE 1E 00 0F C8 80 0D 06 06 12 06 20 00 0C 00  |............ ...|
0010  20 00 21 F5 4B 00 00 00 00 00 00 00 00 00 00 00  | .!.K...........|
0020  00 00 00 00 00 00 00 00 00 00 00 00 00 00 00 00  |................|
0030  00 00 00 00 00 00 00 00 00 00 00 00 00 00 00 00  |................|
0040  00                                               |.|
[37.8380] WRITE h=0x5bc n=65
0000  00 AE 1E 00 0F C8 80 0D 06 06 12 06 20 00 0C 00  |............ ...|
0010  20 00 21 F5 4B 00 00 00 00 00 00 00 00 00 00 00  | .!.K...........|
0020  00 00 00 00 00 00 00 00 00 00 00 00 00 00 00 00  |................|
0030  00 00 00 00 00 00 00 00 00 00 00 00 00 00 00 00  |................|
0040  00                                               |.|
[38.2710] WRITE h=0x5bc n=65
0000  00 AE 1E 00 0F C8 80 0D 06 06 12 06 20 00 0C 00  |............ ...|
0010  20 00 21 F5 4B 00 00 00 00 00 00 00 00 00 00 00  | .!.K...........|
0020  00 00 00 00 00 00 00 00 00 00 00 00 00 00 00 00  |................|
0030  00 00 00 00 00 00 00 00 00 00 00 00 00 00 00 00  |................|
0040  00                                               |.|
[38.5370] WRITE h=0x5bc n=65
0000  00 AE 1E 00 09 C8 80 07 03 06 1C 00 01 F1 DF 00  |................|
0010  00 00 00 00 00 00 00 00 00 00 00 00 00 00 00 00  |................|
0020  00 00 00 00 00 00 00 00 00 00 00 00 00 00 00 00  |................|
0030  00 00 00 00 00 00 00 00 00 00 00 00 00 00 00 00  |................|
0040  00                                               |.|
[38.7890] WRITE h=0x5bc n=65
0000  00 AE 1E 00 0F C8 80 0D 06 06 12 06 20 00 0C 00  |............ ...|
0010  20 00 21 F5 4B 00 00 00 00 00 00 00 00 00 00 00  | .!.K...........|
0020  00 00 00 00 00 00 00 00 00 00 00 00 00 00 00 00  |................|
0030  00 00 00 00 00 00 00 00 00 00 00 00 00 00 00 00  |................|
0040  00                                               |.|
[39.2470] WRITE h=0x5bc n=65
0000  00 AE 1E 00 0F C8 80 0D 06 06 12 06 20 00 0C 00  |............ ...|
0010  20 00 21 F5 4B 00 00 00 00 00 00 00 00 00 00 00  | .!.K...........|
0020  00 00 00 00 00 00 00 00 00 00 00 00 00 00 00 00  |................|
0030  00 00 00 00 00 00 00 00 00 00 00 00 00 00 00 00  |................|
0040  00                                               |.|
[39.6820] WRITE h=0x5bc n=65
0000  00 AE 1E 00 0F C8 80 0D 06 06 12 06 20 00 0C 00  |............ ...|
0010  20 00 21 F5 4B 00 00 00 00 00 00 00 00 00 00 00  | .!.K...........|
0020  00 00 00 00 00 00 00 00 00 00 00 00 00 00 00 00  |................|
0030  00 00 00 00 00 00 00 00 00 00 00 00 00 00 00 00  |................|
0040  00                                               |.|
[40.1460] WRITE h=0x5bc n=65
0000  00 AE 1E 00 0F C8 80 0D 06 06 12 06 20 00 0C 00  |............ ...|
0010  20 00 21 F5 4B 00 00 00 00 00 00 00 00 00 00 00  | .!.K...........|
0020  00 00 00 00 00 00 00 00 00 00 00 00 00 00 00 00  |................|
0030  00 00 00 00 00 00 00 00 00 00 00 00 00 00 00 00  |................|
0040  00                                               |.|
[40.5810] WRITE h=0x5bc n=65
0000  00 AE 1E 00 0F C8 80 0D 06 06 12 06 20 00 0C 00  |............ ...|
0010  20 00 21 F5 4B 00 00 00 00 00 00 00 00 00 00 00  | .!.K...........|
0020  00 00 00 00 00 00 00 00 00 00 00 00 00 00 00 00  |................|
0030  00 00 00 00 00 00 00 00 00 00 00 00 00 00 00 00  |................|
0040  00                                               |.|
[41.0060] WRITE h=0x5bc n=65
0000  00 AE 1E 00 0F C8 80 0D 06 06 12 06 20 00 0C 00  |............ ...|
0010  20 00 21 F5 4B 00 00 00 00 00 00 00 00 00 00 00  | .!.K...........|
0020  00 00 00 00 00 00 00 00 00 00 00 00 00 00 00 00  |................|
0030  00 00 00 00 00 00 00 00 00 00 00 00 00 00 00 00  |................|
0040  00                                               |.|
[41.4550] WRITE h=0x5bc n=65
0000  00 AE 1E 00 0F C8 80 0D 06 06 12 06 20 00 0C 00  |............ ...|
0010  20 00 21 F5 4B 00 00 00 00 00 00 00 00 00 00 00  | .!.K...........|
0020  00 00 00 00 00 00 00 00 00 00 00 00 00 00 00 00  |................|
0030  00 00 00 00 00 00 00 00 00 00 00 00 00 00 00 00  |................|
0040  00                                               |.|
[41.6980] WRITE h=0x5bc n=65
0000  00 AE 1E 00 09 C8 80 07 03 06 1C 00 01 F1 DF 00  |................|
0010  00 00 00 00 00 00 00 00 00 00 00 00 00 00 00 00  |................|
0020  00 00 00 00 00 00 00 00 00 00 00 00 00 00 00 00  |................|
0030  00 00 00 00 00 00 00 00 00 00 00 00 00 00 00 00  |................|
0040  00                                               |.|
[41.9630] WRITE h=0x5bc n=65
0000  00 AE 1E 00 0F C8 80 0D 06 06 12 06 20 00 0C 00  |............ ...|
0010  20 00 21 F5 4B 00 00 00 00 00 00 00 00 00 00 00  | .!.K...........|
0020  00 00 00 00 00 00 00 00 00 00 00 00 00 00 00 00  |................|
0030  00 00 00 00 00 00 00 00 00 00 00 00 00 00 00 00  |................|
0040  00                                               |.|
[42.4060] WRITE h=0x5bc n=65
0000  00 AE 1E 00 0F C8 80 0D 06 06 12 06 20 00 0C 00  |............ ...|
0010  20 00 21 F5 4B 00 00 00 00 00 00 00 00 00 00 00  | .!.K...........|
0020  00 00 00 00 00 00 00 00 00 00 00 00 00 00 00 00  |................|
0030  00 00 00 00 00 00 00 00 00 00 00 00 00 00 00 00  |................|
0040  00                                               |.|
[42.8340] WRITE h=0x5bc n=65
0000  00 AE 1E 00 0F C8 80 0D 06 06 12 06 20 00 0C 00  |............ ...|
0010  20 00 21 F5 4B 00 00 00 00 00 00 00 00 00 00 00  | .!.K...........|
0020  00 00 00 00 00 00 00 00 00 00 00 00 00 00 00 00  |................|
0030  00 00 00 00 00 00 00 00 00 00 00 00 00 00 00 00  |................|
0040  00                                               |.|
[43.2480] WRITE h=0x5bc n=65
0000  00 AE 1E 00 0F C8 80 0D 06 06 12 06 20 00 0C 00  |............ ...|
0010  20 00 21 F5 4B 00 00 00 00 00 00 00 00 00 00 00  | .!.K...........|
0020  00 00 00 00 00 00 00 00 00 00 00 00 00 00 00 00  |................|
0030  00 00 00 00 00 00 00 00 00 00 00 00 00 00 00 00  |................|
0040  00                                               |.|
[43.6640] WRITE h=0x5bc n=65
0000  00 AE 1E 00 0F C8 80 0D 06 06 12 06 20 00 0C 00  |............ ...|
0010  20 00 21 F5 4B 00 00 00 00 00 00 00 00 00 00 00  | .!.K...........|
0020  00 00 00 00 00 00 00 00 00 00 00 00 00 00 00 00  |................|
0030  00 00 00 00 00 00 00 00 00 00 00 00 00 00 00 00  |................|
0040  00                                               |.|
[44.0960] WRITE h=0x5bc n=65
0000  00 AE 1E 00 0F C8 80 0D 06 06 12 06 20 00 0C 00  |............ ...|
0010  20 00 21 F5 4B 00 00 00 00 00 00 00 00 00 00 00  | .!.K...........|
0020  00 00 00 00 00 00 00 00 00 00 00 00 00 00 00 00  |................|
0030  00 00 00 00 00 00 00 00 00 00 00 00 00 00 00 00  |................|
0040  00                                               |.|
[44.5420] WRITE h=0x5bc n=65
0000  00 AE 1E 00 0F C8 80 0D 06 06 12 06 20 00 0C 00  |............ ...|
0010  20 00 21 F5 4B 00 00 00 00 00 00 00 00 00 00 00  | .!.K...........|
0020  00 00 00 00 00 00 00 00 00 00 00 00 00 00 00 00  |................|
0030  00 00 00 00 00 00 00 00 00 00 00 00 00 00 00 00  |................|
0040  00                                               |.|
[44.7810] WRITE h=0x5bc n=65
0000  00 AE 1E 00 09 C8 80 07 03 06 1C 00 01 F1 DF 00  |................|
0010  00 00 00 00 00 00 00 00 00 00 00 00 00 00 00 00  |................|
0020  00 00 00 00 00 00 00 00 00 00 00 00 00 00 00 00  |................|
0030  00 00 00 00 00 00 00 00 00 00 00 00 00 00 00 00  |................|
0040  00                                               |.|
[45.0390] WRITE h=0x5bc n=65
0000  00 AE 1E 00 0F C8 80 0D 06 06 12 06 20 00 0C 00  |............ ...|
0010  20 00 21 F5 4B 00 00 00 00 00 00 00 00 00 00 00  | .!.K...........|
0020  00 00 00 00 00 00 00 00 00 00 00 00 00 00 00 00  |................|
0030  00 00 00 00 00 00 00 00 00 00 00 00 00 00 00 00  |................|
0040  00                                               |.|
[45.4710] WRITE h=0x5bc n=65
0000  00 AE 1E 00 0F C8 80 0D 06 06 12 06 20 00 0C 00  |............ ...|
0010  20 00 21 F5 4B 00 00 00 00 00 00 00 00 00 00 00  | .!.K...........|
0020  00 00 00 00 00 00 00 00 00 00 00 00 00 00 00 00  |................|
0030  00 00 00 00 00 00 00 00 00 00 00 00 00 00 00 00  |................|
0040  00                                               |.|
[45.9170] WRITE h=0x5bc n=65
0000  00 AE 1E 00 0F C8 80 0D 06 06 12 06 20 00 0C 00  |............ ...|
0010  20 00 21 F5 4B 00 00 00 00 00 00 00 00 00 00 00  | .!.K...........|
0020  00 00 00 00 00 00 00 00 00 00 00 00 00 00 00 00  |................|
0030  00 00 00 00 00 00 00 00 00 00 00 00 00 00 00 00  |................|
0040  00                                               |.|
[46.3400] WRITE h=0x5bc n=65
0000  00 AE 1E 00 0F C8 80 0D 06 06 12 06 20 00 0C 00  |............ ...|
0010  20 00 21 F5 4B 00 00 00 00 00 00 00 00 00 00 00  | .!.K...........|
0020  00 00 00 00 00 00 00 00 00 00 00 00 00 00 00 00  |................|
0030  00 00 00 00 00 00 00 00 00 00 00 00 00 00 00 00  |................|
0040  00                                               |.|
[46.7890] WRITE h=0x5bc n=65
0000  00 AE 1E 00 0F C8 80 0D 06 06 12 06 20 00 0C 00  |............ ...|
0010  20 00 21 F5 4B 00 00 00 00 00 00 00 00 00 00 00  | .!.K...........|
0020  00 00 00 00 00 00 00 00 00 00 00 00 00 00 00 00  |................|
0030  00 00 00 00 00 00 00 00 00 00 00 00 00 00 00 00  |................|
0040  00                                               |.|
[47.2310] WRITE h=0x5bc n=65
0000  00 AE 1E 00 0F C8 80 0D 06 06 12 06 20 00 0C 00  |............ ...|
0010  20 00 21 F5 4B 00 00 00 00 00 00 00 00 00 00 00  | .!.K...........|
0020  00 00 00 00 00 00 00 00 00 00 00 00 00 00 00 00  |................|
0030  00 00 00 00 00 00 00 00 00 00 00 00 00 00 00 00  |................|
0040  00                                               |.|
[47.6730] WRITE h=0x5bc n=65
0000  00 AE 1E 00 0F C8 80 0D 06 06 12 06 20 00 0C 00  |............ ...|
0010  20 00 21 F5 4B 00 00 00 00 00 00 00 00 00 00 00  | .!.K...........|
0020  00 00 00 00 00 00 00 00 00 00 00 00 00 00 00 00  |................|
0030  00 00 00 00 00 00 00 00 00 00 00 00 00 00 00 00  |................|
0040  00                                               |.|
[47.9070] WRITE h=0x5bc n=65
0000  00 AE 1E 00 09 C8 80 07 03 06 1C 00 01 F1 DF 00  |................|
0010  00 00 00 00 00 00 00 00 00 00 00 00 00 00 00 00  |................|
0020  00 00 00 00 00 00 00 00 00 00 00 00 00 00 00 00  |................|
0030  00 00 00 00 00 00 00 00 00 00 00 00 00 00 00 00  |................|
0040  00                                               |.|
[48.1560] WRITE h=0x5bc n=65
0000  00 AE 1E 00 0F C8 80 0D 06 06 12 06 20 00 0C 00  |............ ...|
0010  20 00 21 F5 4B 00 00 00 00 00 00 00 00 00 00 00  | .!.K...........|
0020  00 00 00 00 00 00 00 00 00 00 00 00 00 00 00 00  |................|
0030  00 00 00 00 00 00 00 00 00 00 00 00 00 00 00 00  |................|
0040  00                                               |.|
[48.5960] WRITE h=0x5bc n=65
0000  00 AE 1E 00 0F C8 80 0D 06 06 12 06 20 00 0C 00  |............ ...|
0010  20 00 21 F5 4B 00 00 00 00 00 00 00 00 00 00 00  | .!.K...........|
0020  00 00 00 00 00 00 00 00 00 00 00 00 00 00 00 00  |................|
0030  00 00 00 00 00 00 00 00 00 00 00 00 00 00 00 00  |................|
0040  00                                               |.|
[49.0250] WRITE h=0x5bc n=65
0000  00 AE 1E 00 0F C8 80 0D 06 06 12 06 20 00 0C 00  |............ ...|
0010  20 00 21 F5 4B 00 00 00 00 00 00 00 00 00 00 00  | .!.K...........|
0020  00 00 00 00 00 00 00 00 00 00 00 00 00 00 00 00  |................|
0030  00 00 00 00 00 00 00 00 00 00 00 00 00 00 00 00  |................|
0040  00                                               |.|
[49.4560] WRITE h=0x5bc n=65
0000  00 AE 1E 00 0F C8 80 0D 06 06 12 06 20 00 0C 00  |............ ...|
0010  20 00 21 F5 4B 00 00 00 00 00 00 00 00 00 00 00  | .!.K...........|
0020  00 00 00 00 00 00 00 00 00 00 00 00 00 00 00 00  |................|
0030  00 00 00 00 00 00 00 00 00 00 00 00 00 00 00 00  |................|
0040  00                                               |.|
[49.8970] WRITE h=0x5bc n=65
0000  00 AE 1E 00 0F C8 80 0D 06 06 12 06 20 00 0C 00  |............ ...|
0010  20 00 21 F5 4B 00 00 00 00 00 00 00 00 00 00 00  | .!.K...........|
0020  00 00 00 00 00 00 00 00 00 00 00 00 00 00 00 00  |................|
0030  00 00 00 00 00 00 00 00 00 00 00 00 00 00 00 00  |................|
0040  00                                               |.|
[50.3310] WRITE h=0x5bc n=65
0000  00 AE 1E 00 0F C8 80 0D 06 06 12 06 20 00 0C 00  |............ ...|
0010  20 00 21 F5 4B 00 00 00 00 00 00 00 00 00 00 00  | .!.K...........|
0020  00 00 00 00 00 00 00 00 00 00 00 00 00 00 00 00  |................|
0030  00 00 00 00 00 00 00 00 00 00 00 00 00 00 00 00  |................|
0040  00                                               |.|
[50.7800] WRITE h=0x5bc n=65
0000  00 AE 1E 00 0F C8 80 0D 06 06 12 06 20 00 0C 00  |............ ...|
0010  20 00 21 F5 4B 00 00 00 00 00 00 00 00 00 00 00  | .!.K...........|
0020  00 00 00 00 00 00 00 00 00 00 00 00 00 00 00 00  |................|
0030  00 00 00 00 00 00 00 00 00 00 00 00 00 00 00 00  |................|
0040  00                                               |.|
[51.0310] WRITE h=0x5bc n=65
0000  00 AE 1E 00 09 C8 80 07 03 06 1C 00 01 F1 DF 00  |................|
0010  00 00 00 00 00 00 00 00 00 00 00 00 00 00 00 00  |................|
0020  00 00 00 00 00 00 00 00 00 00 00 00 00 00 00 00  |................|
0030  00 00 00 00 00 00 00 00 00 00 00 00 00 00 00 00  |................|
0040  00                                               |.|
[51.2830] WRITE h=0x5bc n=65
0000  00 AE 1E 00 0F C8 80 0D 06 06 12 06 20 00 0C 00  |............ ...|
0010  20 00 21 F5 4B 00 00 00 00 00 00 00 00 00 00 00  | .!.K...........|
0020  00 00 00 00 00 00 00 00 00 00 00 00 00 00 00 00  |................|
0030  00 00 00 00 00 00 00 00 00 00 00 00 00 00 00 00  |................|
0040  00                                               |.|
[51.7560] WRITE h=0x5bc n=65
0000  00 AE 1E 00 0F C8 80 0D 06 06 12 06 20 00 0C 00  |............ ...|
0010  20 00 21 F5 4B 00 00 00 00 00 00 00 00 00 00 00  | .!.K...........|
0020  00 00 00 00 00 00 00 00 00 00 00 00 00 00 00 00  |................|
0030  00 00 00 00 00 00 00 00 00 00 00 00 00 00 00 00  |................|
0040  00                                               |.|
[52.1970] WRITE h=0x5bc n=65
0000  00 AE 1E 00 0F C8 80 0D 06 06 12 06 20 00 0C 00  |............ ...|
0010  20 00 21 F5 4B 00 00 00 00 00 00 00 00 00 00 00  | .!.K...........|
0020  00 00 00 00 00 00 00 00 00 00 00 00 00 00 00 00  |................|
0030  00 00 00 00 00 00 00 00 00 00 00 00 00 00 00 00  |................|
0040  00                                               |.|
[52.6250] WRITE h=0x5bc n=65
0000  00 AE 1E 00 0F C8 80 0D 06 06 12 06 20 00 0C 00  |............ ...|
0010  20 00 21 F5 4B 00 00 00 00 00 00 00 00 00 00 00  | .!.K...........|
0020  00 00 00 00 00 00 00 00 00 00 00 00 00 00 00 00  |................|
0030  00 00 00 00 00 00 00 00 00 00 00 00 00 00 00 00  |................|
0040  00                                               |.|
[53.0480] WRITE h=0x5bc n=65
0000  00 AE 1E 00 0F C8 80 0D 06 06 12 06 20 00 0C 00  |............ ...|
0010  20 00 21 F5 4B 00 00 00 00 00 00 00 00 00 00 00  | .!.K...........|
0020  00 00 00 00 00 00 00 00 00 00 00 00 00 00 00 00  |................|
0030  00 00 00 00 00 00 00 00 00 00 00 00 00 00 00 00  |................|
0040  00                                               |.|
[53.4810] WRITE h=0x5bc n=65
0000  00 AE 1E 00 0F C8 80 0D 06 06 12 06 20 00 0C 00  |............ ...|
0010  20 00 21 F5 4B 00 00 00 00 00 00 00 00 00 00 00  | .!.K...........|
0020  00 00 00 00 00 00 00 00 00 00 00 00 00 00 00 00  |................|
0030  00 00 00 00 00 00 00 00 00 00 00 00 00 00 00 00  |................|
0040  00                                               |.|
[53.9230] WRITE h=0x5bc n=65
0000  00 AE 1E 00 0F C8 80 0D 06 06 12 06 20 00 0C 00  |............ ...|
0010  20 00 21 F5 4B 00 00 00 00 00 00 00 00 00 00 00  | .!.K...........|
0020  00 00 00 00 00 00 00 00 00 00 00 00 00 00 00 00  |................|
0030  00 00 00 00 00 00 00 00 00 00 00 00 00 00 00 00  |................|
0040  00                                               |.|
[54.1800] WRITE h=0x5bc n=65
0000  00 AE 1E 00 09 C8 80 07 03 06 1C 00 01 F1 DF 00  |................|
0010  00 00 00 00 00 00 00 00 00 00 00 00 00 00 00 00  |................|
0020  00 00 00 00 00 00 00 00 00 00 00 00 00 00 00 00  |................|
0030  00 00 00 00 00 00 00 00 00 00 00 00 00 00 00 00  |................|
0040  00                                               |.|
[54.4400] WRITE h=0x5bc n=65
0000  00 AE 1E 00 0F C8 80 0D 06 06 12 06 20 00 0C 00  |............ ...|
0010  20 00 21 F5 4B 00 00 00 00 00 00 00 00 00 00 00  | .!.K...........|
0020  00 00 00 00 00 00 00 00 00 00 00 00 00 00 00 00  |................|
0030  00 00 00 00 00 00 00 00 00 00 00 00 00 00 00 00  |................|
0040  00                                               |.|
[54.8640] WRITE h=0x5bc n=65
0000  00 AE 1E 00 0F C8 80 0D 06 06 12 06 20 00 0C 00  |............ ...|
0010  20 00 21 F5 4B 00 00 00 00 00 00 00 00 00 00 00  | .!.K...........|
0020  00 00 00 00 00 00 00 00 00 00 00 00 00 00 00 00  |................|
0030  00 00 00 00 00 00 00 00 00 00 00 00 00 00 00 00  |................|
0040  00                                               |.|
[55.3150] WRITE h=0x5bc n=65
0000  00 AE 1E 00 0F C8 80 0D 06 06 12 06 20 00 0C 00  |............ ...|
0010  20 00 21 F5 4B 00 00 00 00 00 00 00 00 00 00 00  | .!.K...........|
0020  00 00 00 00 00 00 00 00 00 00 00 00 00 00 00 00  |................|
0030  00 00 00 00 00 00 00 00 00 00 00 00 00 00 00 00  |................|
0040  00                                               |.|
[55.7470] WRITE h=0x5bc n=65
0000  00 AE 1E 00 0F C8 80 0D 06 06 12 06 20 00 0C 00  |............ ...|
0010  20 00 21 F5 4B 00 00 00 00 00 00 00 00 00 00 00  | .!.K...........|
0020  00 00 00 00 00 00 00 00 00 00 00 00 00 00 00 00  |................|
0030  00 00 00 00 00 00 00 00 00 00 00 00 00 00 00 00  |................|
0040  00                                               |.|
[56.1890] WRITE h=0x5bc n=65
0000  00 AE 1E 00 0F C8 80 0D 06 06 12 06 20 00 0C 00  |............ ...|
0010  20 00 21 F5 4B 00 00 00 00 00 00 00 00 00 00 00  | .!.K...........|
0020  00 00 00 00 00 00 00 00 00 00 00 00 00 00 00 00  |................|
0030  00 00 00 00 00 00 00 00 00 00 00 00 00 00 00 00  |................|
0040  00                                               |.|
[56.6480] WRITE h=0x5bc n=65
0000  00 AE 1E 00 0F C8 80 0D 06 06 12 06 20 00 0C 00  |............ ...|
0010  20 00 21 F5 4B 00 00 00 00 00 00 00 00 00 00 00  | .!.K...........|
0020  00 00 00 00 00 00 00 00 00 00 00 00 00 00 00 00  |................|
0030  00 00 00 00 00 00 00 00 00 00 00 00 00 00 00 00  |................|
0040  00                                               |.|
[57.1000] WRITE h=0x5bc n=65
0000  00 AE 1E 00 0F C8 80 0D 06 06 12 06 20 00 0C 00  |............ ...|
0010  20 00 21 F5 4B 00 00 00 00 00 00 00 00 00 00 00  | .!.K...........|
0020  00 00 00 00 00 00 00 00 00 00 00 00 00 00 00 00  |................|
0030  00 00 00 00 00 00 00 00 00 00 00 00 00 00 00 00  |................|
0040  00                                               |.|
[57.3470] WRITE h=0x5bc n=65
0000  00 AE 1E 00 09 C8 80 07 03 06 1C 00 01 F1 DF 00  |................|
0010  00 00 00 00 00 00 00 00 00 00 00 00 00 00 00 00  |................|
0020  00 00 00 00 00 00 00 00 00 00 00 00 00 00 00 00  |................|
0030  00 00 00 00 00 00 00 00 00 00 00 00 00 00 00 00  |................|
0040  00                                               |.|
[57.6060] WRITE h=0x5bc n=65
0000  00 AE 1E 00 0F C8 80 0D 06 06 12 06 20 00 0C 00  |............ ...|
0010  20 00 21 F5 4B 00 00 00 00 00 00 00 00 00 00 00  | .!.K...........|
0020  00 00 00 00 00 00 00 00 00 00 00 00 00 00 00 00  |................|
0030  00 00 00 00 00 00 00 00 00 00 00 00 00 00 00 00  |................|
0040  00                                               |.|
[58.0240] WRITE h=0x5bc n=65
0000  00 AE 1E 00 0F C8 80 0D 06 06 12 06 20 00 0C 00  |............ ...|
0010  20 00 21 F5 4B 00 00 00 00 00 00 00 00 00 00 00  | .!.K...........|
0020  00 00 00 00 00 00 00 00 00 00 00 00 00 00 00 00  |................|
0030  00 00 00 00 00 00 00 00 00 00 00 00 00 00 00 00  |................|
0040  00                                               |.|
[58.4470] WRITE h=0x5bc n=65
0000  00 AE 1E 00 0F C8 80 0D 06 06 12 06 20 00 0C 00  |............ ...|
0010  20 00 21 F5 4B 00 00 00 00 00 00 00 00 00 00 00  | .!.K...........|
0020  00 00 00 00 00 00 00 00 00 00 00 00 00 00 00 00  |................|
0030  00 00 00 00 00 00 00 00 00 00 00 00 00 00 00 00  |................|
0040  00                                               |.|
[58.8890] WRITE h=0x5bc n=65
0000  00 AE 1E 00 0F C8 80 0D 06 06 12 06 20 00 0C 00  |............ ...|
0010  20 00 21 F5 4B 00 00 00 00 00 00 00 00 00 00 00  | .!.K...........|
0020  00 00 00 00 00 00 00 00 00 00 00 00 00 00 00 00  |................|
0030  00 00 00 00 00 00 00 00 00 00 00 00 00 00 00 00  |................|
0040  00                                               |.|
[59.3480] WRITE h=0x5bc n=65
0000  00 AE 1E 00 0F C8 80 0D 06 06 12 06 20 00 0C 00  |............ ...|
0010  20 00 21 F5 4B 00 00 00 00 00 00 00 00 00 00 00  | .!.K...........|
0020  00 00 00 00 00 00 00 00 00 00 00 00 00 00 00 00  |................|
0030  00 00 00 00 00 00 00 00 00 00 00 00 00 00 00 00  |................|
0040  00                                               |.|
[59.7890] WRITE h=0x5bc n=65
0000  00 AE 1E 00 0F C8 80 0D 06 06 12 06 20 00 0C 00  |............ ...|
0010  20 00 21 F5 4B 00 00 00 00 00 00 00 00 00 00 00  | .!.K...........|
0020  00 00 00 00 00 00 00 00 00 00 00 00 00 00 00 00  |................|
0030  00 00 00 00 00 00 00 00 00 00 00 00 00 00 00 00  |................|
0040  00                                               |.|
