# === ZP 8.4 AMP I/O spy mulai ===
# hooked CreateFileW (kernel32.dll)
# hooked CreateFileA (kernel32.dll)
# hooked ReadFile
# hooked WriteFile
# hooked DeviceIoControl
# hooked hid.dll!HidD_GetHidGuid
# hid.dll: HidD_OpenDevice tidak ada
# hid.dll: HidD_CreateFile tidak ada
# hid.dll: HidD_Write tidak ada
# hid.dll: HidD_Read tidak ada
# hooked hid.dll!HidD_SetOutputReport
# hooked hid.dll!HidD_GetInputReport
# hooked hid.dll!HidD_SetFeature
# hooked hid.dll!HidD_GetFeature
# hooked hid.dll!HidD_GetAttributes
# hooked hid.dll!HidD_GetPreparsedData
# hooked hid.dll!HidD_FreePreparsedData
# hooked hid.dll!HidD_GetManufacturerString
# hooked hid.dll!HidD_GetProductString
# hooked hid.dll!HidD_GetSerialNumberString
# hooked cfgmgr32!CM_Get_Device_IDW
# hooked SetupDiGetDeviceInstanceIdW
# hooked SetupDiGetDeviceRegistryPropertyW
# hooked ws2_32!WSAConnect
# === semua hook terpasang, waiting for traffic ===
[0.3920] WRITE h=0x5bc n=65
0000  00 AE 1E 00 0F C8 80 0D 06 06 12 06 20 00 0C 00  |............ ...|
0010  20 00 21 F5 4B 00 00 00 00 00 00 00 00 00 00 00  | .!.K...........|
0020  00 00 00 00 00 00 00 00 00 00 00 00 00 00 00 00  |................|
0030  00 00 00 00 00 00 00 00 00 00 00 00 00 00 00 00  |................|
0040  00                                               |.|
[0.6340] WRITE h=0x5bc n=65
0000  00 AE 1E 00 09 C8 80 07 03 06 1C 00 01 F1 DF 00  |................|
0010  00 00 00 00 00 00 00 00 00 00 00 00 00 00 00 00  |................|
0020  00 00 00 00 00 00 00 00 00 00 00 00 00 00 00 00  |................|
0030  00 00 00 00 00 00 00 00 00 00 00 00 00 00 00 00  |................|
0040  00                                               |.|
[0.8900] WRITE h=0x5bc n=65
0000  00 AE 1E 00 0F C8 80 0D 06 06 12 06 20 00 0C 00  |............ ...|
0010  20 00 21 F5 4B 00 00 00 00 00 00 00 00 00 00 00  | .!.K...........|
0020  00 00 00 00 00 00 00 00 00 00 00 00 00 00 00 00  |................|
0030  00 00 00 00 00 00 00 00 00 00 00 00 00 00 00 00  |................|
0040  00                                               |.|
[1.3410] WRITE h=0x5bc n=65
0000  00 AE 1E 00 0F C8 80 0D 06 06 12 06 20 00 0C 00  |............ ...|
0010  20 00 21 F5 4B 00 00 00 00 00 00 00 00 00 00 00  | .!.K...........|
0020  00 00 00 00 00 00 00 00 00 00 00 00 00 00 00 00  |................|
0030  00 00 00 00 00 00 00 00 00 00 00 00 00 00 00 00  |................|
0040  00                                               |.|
[1.7820] WRITE h=0x5bc n=65
0000  00 AE 1E 00 0F C8 80 0D 06 06 12 06 20 00 0C 00  |............ ...|
0010  20 00 21 F5 4B 00 00 00 00 00 00 00 00 00 00 00  | .!.K...........|
0020  00 00 00 00 00 00 00 00 00 00 00 00 00 00 00 00  |................|
0030  00 00 00 00 00 00 00 00 00 00 00 00 00 00 00 00  |................|
0040  00                                               |.|
[2.2340] WRITE h=0x5bc n=65
0000  00 AE 1E 00 0F C8 80 0D 06 06 12 06 20 00 0C 00  |............ ...|
0010  20 00 21 F5 4B 00 00 00 00 00 00 00 00 00 00 00  | .!.K...........|
0020  00 00 00 00 00 00 00 00 00 00 00 00 00 00 00 00  |................|
0030  00 00 00 00 00 00 00 00 00 00 00 00 00 00 00 00  |................|
0040  00                                               |.|
[2.6880] WRITE h=0x5bc n=65
0000  00 AE 1E 00 0F C8 80 0D 06 06 12 06 20 00 0C 00  |............ ...|
0010  20 00 21 F5 4B 00 00 00 00 00 00 00 00 00 00 00  | .!.K...........|
0020  00 00 00 00 00 00 00 00 00 00 00 00 00 00 00 00  |................|
0030  00 00 00 00 00 00 00 00 00 00 00 00 00 00 00 00  |................|
0040  00                                               |.|
[3.1220] WRITE h=0x5bc n=65
0000  00 AE 1E 00 0F C8 80 0D 06 06 12 06 20 00 0C 00  |............ ...|
0010  20 00 21 F5 4B 00 00 00 00 00 00 00 00 00 00 00  | .!.K...........|
0020  00 00 00 00 00 00 00 00 00 00 00 00 00 00 00 00  |................|
0030  00 00 00 00 00 00 00 00 00 00 00 00 00 00 00 00  |................|
0040  00                                               |.|
[3.5560] WRITE h=0x5bc n=65
0000  00 AE 1E 00 0F C8 80 0D 06 06 12 06 20 00 0C 00  |............ ...|
0010  20 00 21 F5 4B 00 00 00 00 00 00 00 00 00 00 00  | .!.K...........|
0020  00 00 00 00 00 00 00 00 00 00 00 00 00 00 00 00  |................|
0030  00 00 00 00 00 00 00 00 00 00 00 00 00 00 00 00  |................|
0040  00                                               |.|
[3.7970] WRITE h=0x5bc n=65
0000  00 AE 1E 00 09 C8 80 07 03 06 1C 00 01 F1 DF 00  |................|
0010  00 00 00 00 00 00 00 00 00 00 00 00 00 00 00 00  |................|
0020  00 00 00 00 00 00 00 00 00 00 00 00 00 00 00 00  |................|
0030  00 00 00 00 00 00 00 00 00 00 00 00 00 00 00 00  |................|
0040  00                                               |.|
[4.0650] WRITE h=0x5bc n=65
0000  00 AE 1E 00 0F C8 80 0D 06 06 12 06 20 00 0C 00  |............ ...|
0010  20 00 21 F5 4B 00 00 00 00 00 00 00 00 00 00 00  | .!.K...........|
0020  00 00 00 00 00 00 00 00 00 00 00 00 00 00 00 00  |................|
0030  00 00 00 00 00 00 00 00 00 00 00 00 00 00 00 00  |................|
0040  00                                               |.|
[4.5150] WRITE h=0x5bc n=65
0000  00 AE 1E 00 0F C8 80 0D 06 06 12 06 20 00 0C 00  |............ ...|
0010  20 00 21 F5 4B 00 00 00 00 00 00 00 00 00 00 00  | .!.K...........|
0020  00 00 00 00 00 00 00 00 00 00 00 00 00 00 00 00  |................|
0030  00 00 00 00 00 00 00 00 00 00 00 00 00 00 00 00  |................|
0040  00                                               |.|
[4.7170] WRITE h=0x5bc n=65
0000  00 AE 1E 00 07 C8 80 05 06 06 12 BE 46 00 00 00  |............F...|
0010  00 00 00 00 00 00 00 00 00 00 00 00 00 00 00 00  |................|
0020  00 00 00 00 00 00 00 00 00 00 00 00 00 00 00 00  |................|
0030  00 00 00 00 00 00 00 00 00 00 00 00 00 00 00 00  |................|
0040  00                                               |.|
[4.9660] WRITE h=0x5bc n=65
0000  00 AE 1E 00 0F C8 80 0D 06 06 12 06 20 00 0C 00  |............ ...|
0010  20 00 21 F5 4B 00 00 00 00 00 00 00 00 00 00 00  | .!.K...........|
0020  00 00 00 00 00 00 00 00 00 00 00 00 00 00 00 00  |................|
0030  00 00 00 00 00 00 00 00 00 00 00 00 00 00 00 00  |................|
0040  00                                               |.|
[5.4130] WRITE h=0x5bc n=65
0000  00 AE 1E 00 0F C8 80 0D 06 06 12 06 20 00 0C 00  |............ ...|
0010  20 00 21 F5 4B 00 00 00 00 00 00 00 00 00 00 00  | .!.K...........|
0020  00 00 00 00 00 00 00 00 00 00 00 00 00 00 00 00  |................|
0030  00 00 00 00 00 00 00 00 00 00 00 00 00 00 00 00  |................|
0040  00                                               |.|
[5.8820] WRITE h=0x5bc n=65
0000  00 AE 1E 00 0F C8 80 0D 06 06 12 06 20 00 0C 00  |............ ...|
0010  20 00 21 F5 4B 00 00 00 00 00 00 00 00 00 00 00  | .!.K...........|
0020  00 00 00 00 00 00 00 00 00 00 00 00 00 00 00 00  |................|
0030  00 00 00 00 00 00 00 00 00 00 00 00 00 00 00 00  |................|
0040  00                                               |.|
[6.3520] WRITE h=0x5bc n=65
0000  00 AE 1E 00 0F C8 80 0D 06 06 12 06 20 00 0C 00  |............ ...|
0010  20 00 21 F5 4B 00 00 00 00 00 00 00 00 00 00 00  | .!.K...........|
0020  00 00 00 00 00 00 00 00 00 00 00 00 00 00 00 00  |................|
0030  00 00 00 00 00 00 00 00 00 00 00 00 00 00 00 00  |................|
0040  00                                               |.|
[6.7840] WRITE h=0x5bc n=65
0000  00 AE 1E 00 0F C8 80 0D 06 06 12 06 20 00 0C 00  |............ ...|
0010  20 00 21 F5 4B 00 00 00 00 00 00 00 00 00 00 00  | .!.K...........|
0020  00 00 00 00 00 00 00 00 00 00 00 00 00 00 00 00  |................|
0030  00 00 00 00 00 00 00 00 00 00 00 00 00 00 00 00  |................|
0040  00                                               |.|
[7.0470] WRITE h=0x5bc n=65
0000  00 AE 1E 00 09 C8 80 07 03 06 1C 00 01 F1 DF 00  |................|
0010  00 00 00 00 00 00 00 00 00 00 00 00 00 00 00 00  |................|
0020  00 00 00 00 00 00 00 00 00 00 00 00 00 00 00 00  |................|
0030  00 00 00 00 00 00 00 00 00 00 00 00 00 00 00 00  |................|
0040  00                                               |.|
[7.3090] WRITE h=0x5bc n=65
0000  00 AE 1E 00 0F C8 80 0D 06 06 12 06 20 00 0C 00  |............ ...|
0010  20 00 21 F5 4B 00 00 00 00 00 00 00 00 00 00 00  | .!.K...........|
0020  00 00 00 00 00 00 00 00 00 00 00 00 00 00 00 00  |................|
0030  00 00 00 00 00 00 00 00 00 00 00 00 00 00 00 00  |................|
0040  00                                               |.|
[7.7400] WRITE h=0x5bc n=65
0000  00 AE 1E 00 0F C8 80 0D 06 06 12 06 20 00 0C 00  |............ ...|
0010  20 00 21 F5 4B 00 00 00 00 00 00 00 00 00 00 00  | .!.K...........|
0020  00 00 00 00 00 00 00 00 00 00 00 00 00 00 00 00  |................|
0030  00 00 00 00 00 00 00 00 00 00 00 00 00 00 00 00  |................|
0040  00                                               |.|
[8.1770] WRITE h=0x5bc n=65
0000  00 AE 1E 00 0F C8 80 0D 06 06 12 06 20 00 0C 00  |............ ...|
0010  20 00 21 F5 4B 00 00 00 00 00 00 00 00 00 00 00  | .!.K...........|
0020  00 00 00 00 00 00 00 00 00 00 00 00 00 00 00 00  |................|
0030  00 00 00 00 00 00 00 00 00 00 00 00 00 00 00 00  |................|
0040  00                                               |.|
[8.6400] WRITE h=0x5bc n=65
0000  00 AE 1E 00 0F C8 80 0D 06 06 12 06 20 00 0C 00  |............ ...|
0010  20 00 21 F5 4B 00 00 00 00 00 00 00 00 00 00 00  | .!.K...........|
0020  00 00 00 00 00 00 00 00 00 00 00 00 00 00 00 00  |................|
0030  00 00 00 00 00 00 00 00 00 00 00 00 00 00 00 00  |................|
0040  00                                               |.|
[9.0900] WRITE h=0x5bc n=65
0000  00 AE 1E 00 0F C8 80 0D 06 06 12 06 20 00 0C 00  |............ ...|
0010  20 00 21 F5 4B 00 00 00 00 00 00 00 00 00 00 00  | .!.K...........|
0020  00 00 00 00 00 00 00 00 00 00 00 00 00 00 00 00  |................|
0030  00 00 00 00 00 00 00 00 00 00 00 00 00 00 00 00  |................|
0040  00                                               |.|
[9.5490] WRITE h=0x5bc n=65
0000  00 AE 1E 00 0F C8 80 0D 06 06 12 06 20 00 0C 00  |............ ...|
0010  20 00 21 F5 4B 00 00 00 00 00 00 00 00 00 00 00  | .!.K...........|
0020  00 00 00 00 00 00 00 00 00 00 00 00 00 00 00 00  |................|
0030  00 00 00 00 00 00 00 00 00 00 00 00 00 00 00 00  |................|
0040  00                                               |.|
[9.9910] WRITE h=0x5bc n=65
0000  00 AE 1E 00 0F C8 80 0D 06 06 12 06 20 00 0C 00  |............ ...|
0010  20 00 21 F5 4B 00 00 00 00 00 00 00 00 00 00 00  | .!.K...........|
0020  00 00 00 00 00 00 00 00 00 00 00 00 00 00 00 00  |................|
0030  00 00 00 00 00 00 00 00 00 00 00 00 00 00 00 00  |................|
0040  00                                               |.|
[10.2650] WRITE h=0x5bc n=65
0000  00 AE 1E 00 09 C8 80 07 03 06 1C 00 01 F1 DF 00  |................|
0010  00 00 00 00 00 00 00 00 00 00 00 00 00 00 00 00  |................|
0020  00 00 00 00 00 00 00 00 00 00 00 00 00 00 00 00  |................|
0030  00 00 00 00 00 00 00 00 00 00 00 00 00 00 00 00  |................|
0040  00                                               |.|
[10.5160] WRITE h=0x5bc n=65
0000  00 AE 1E 00 0F C8 80 0D 06 06 12 06 20 00 0C 00  |............ ...|
0010  20 00 21 F5 4B 00 00 00 00 00 00 00 00 00 00 00  | .!.K...........|
0020  00 00 00 00 00 00 00 00 00 00 00 00 00 00 00 00  |................|
0030  00 00 00 00 00 00 00 00 00 00 00 00 00 00 00 00  |................|
0040  00                                               |.|
[10.9740] WRITE h=0x5bc n=65
0000  00 AE 1E 00 0F C8 80 0D 06 06 12 06 20 00 0C 00  |............ ...|
0010  20 00 21 F5 4B 00 00 00 00 00 00 00 00 00 00 00  | .!.K...........|
0020  00 00 00 00 00 00 00 00 00 00 00 00 00 00 00 00  |................|
0030  00 00 00 00 00 00 00 00 00 00 00 00 00 00 00 00  |................|
0040  00                                               |.|
[11.4370] WRITE h=0x5bc n=65
0000  00 AE 1E 00 0F C8 80 0D 06 06 12 06 20 00 0C 00  |............ ...|
0010  20 00 21 F5 4B 00 00 00 00 00 00 00 00 00 00 00  | .!.K...........|
0020  00 00 00 00 00 00 00 00 00 00 00 00 00 00 00 00  |................|
0030  00 00 00 00 00 00 00 00 00 00 00 00 00 00 00 00  |................|
0040  00                                               |.|
[11.8840] WRITE h=0x5bc n=65
0000  00 AE 1E 00 0F C8 80 0D 06 06 12 06 20 00 0C 00  |............ ...|
0010  20 00 21 F5 4B 00 00 00 00 00 00 00 00 00 00 00  | .!.K...........|
0020  00 00 00 00 00 00 00 00 00 00 00 00 00 00 00 00  |................|
0030  00 00 00 00 00 00 00 00 00 00 00 00 00 00 00 00  |................|
0040  00                                               |.|
[12.3390] WRITE h=0x5bc n=65
0000  00 AE 1E 00 0F C8 80 0D 06 06 12 06 20 00 0C 00  |............ ...|
0010  20 00 21 F5 4B 00 00 00 00 00 00 00 00 00 00 00  | .!.K...........|
0020  00 00 00 00 00 00 00 00 00 00 00 00 00 00 00 00  |................|
0030  00 00 00 00 00 00 00 00 00 00 00 00 00 00 00 00  |................|
0040  00                                               |.|
[12.8070] WRITE h=0x5bc n=65
0000  00 AE 1E 00 0F C8 80 0D 06 06 12 06 20 00 0C 00  |............ ...|
0010  20 00 21 F5 4B 00 00 00 00 00 00 00 00 00 00 00  | .!.K...........|
0020  00 00 00 00 00 00 00 00 00 00 00 00 00 00 00 00  |................|
0030  00 00 00 00 00 00 00 00 00 00 00 00 00 00 00 00  |................|
0040  00                                               |.|
[13.2600] WRITE h=0x5bc n=65
0000  00 AE 1E 00 0F C8 80 0D 06 06 12 06 20 00 0C 00  |............ ...|
0010  20 00 21 F5 4B 00 00 00 00 00 00 00 00 00 00 00  | .!.K...........|
0020  00 00 00 00 00 00 00 00 00 00 00 00 00 00 00 00  |................|
0030  00 00 00 00 00 00 00 00 00 00 00 00 00 00 00 00  |................|
0040  00                                               |.|
[13.4900] WRITE h=0x5bc n=65
0000  00 AE 1E 00 09 C8 80 07 03 06 1C 00 01 F1 DF 00  |................|
0010  00 00 00 00 00 00 00 00 00 00 00 00 00 00 00 00  |................|
0020  00 00 00 00 00 00 00 00 00 00 00 00 00 00 00 00  |................|
0030  00 00 00 00 00 00 00 00 00 00 00 00 00 00 00 00  |................|
0040  00                                               |.|
[13.7330] WRITE h=0x5bc n=65
0000  00 AE 1E 00 0F C8 80 0D 06 06 12 06 20 00 0C 00  |............ ...|
0010  20 00 21 F5 4B 00 00 00 00 00 00 00 00 00 00 00  | .!.K...........|
0020  00 00 00 00 00 00 00 00 00 00 00 00 00 00 00 00  |................|
0030  00 00 00 00 00 00 00 00 00 00 00 00 00 00 00 00  |................|
0040  00                                               |.|
[14.1730] WRITE h=0x5bc n=65
0000  00 AE 1E 00 0F C8 80 0D 06 06 12 06 20 00 0C 00  |............ ...|
0010  20 00 21 F5 4B 00 00 00 00 00 00 00 00 00 00 00  | .!.K...........|
0020  00 00 00 00 00 00 00 00 00 00 00 00 00 00 00 00  |................|
0030  00 00 00 00 00 00 00 00 00 00 00 00 00 00 00 00  |................|
0040  00                                               |.|
[14.6000] WRITE h=0x5bc n=65
0000  00 AE 1E 00 0F C8 80 0D 06 06 12 06 20 00 0C 00  |............ ...|
0010  20 00 21 F5 4B 00 00 00 00 00 00 00 00 00 00 00  | .!.K...........|
0020  00 00 00 00 00 00 00 00 00 00 00 00 00 00 00 00  |................|
0030  00 00 00 00 00 00 00 00 00 00 00 00 00 00 00 00  |................|
0040  00                                               |.|
[15.0580] WRITE h=0x5bc n=65
0000  00 AE 1E 00 0F C8 80 0D 06 06 12 06 20 00 0C 00  |............ ...|
0010  20 00 21 F5 4B 00 00 00 00 00 00 00 00 00 00 00  | .!.K...........|
0020  00 00 00 00 00 00 00 00 00 00 00 00 00 00 00 00  |................|
0030  00 00 00 00 00 00 00 00 00 00 00 00 00 00 00 00  |................|
0040  00                                               |.|
[15.5000] WRITE h=0x5bc n=65
0000  00 AE 1E 00 0F C8 80 0D 06 06 12 06 20 00 0C 00  |............ ...|
0010  20 00 21 F5 4B 00 00 00 00 00 00 00 00 00 00 00  | .!.K...........|
0020  00 00 00 00 00 00 00 00 00 00 00 00 00 00 00 00  |................|
0030  00 00 00 00 00 00 00 00 00 00 00 00 00 00 00 00  |................|
0040  00                                               |.|
[15.9430] WRITE h=0x5bc n=65
0000  00 AE 1E 00 0F C8 80 0D 06 06 12 06 20 00 0C 00  |............ ...|
0010  20 00 21 F5 4B 00 00 00 00 00 00 00 00 00 00 00  | .!.K...........|
0020  00 00 00 00 00 00 00 00 00 00 00 00 00 00 00 00  |................|
0030  00 00 00 00 00 00 00 00 00 00 00 00 00 00 00 00  |................|
0040  00                                               |.|
[16.3800] WRITE h=0x5bc n=65
0000  00 AE 1E 00 0F C8 80 0D 06 06 12 06 20 00 0C 00  |............ ...|
0010  20 00 21 F5 4B 00 00 00 00 00 00 00 00 00 00 00  | .!.K...........|
0020  00 00 00 00 00 00 00 00 00 00 00 00 00 00 00 00  |................|
0030  00 00 00 00 00 00 00 00 00 00 00 00 00 00 00 00  |................|
0040  00                                               |.|
[16.6320] WRITE h=0x5bc n=65
0000  00 AE 1E 00 09 C8 80 07 03 06 1C 00 01 F1 DF 00  |................|
0010  00 00 00 00 00 00 00 00 00 00 00 00 00 00 00 00  |................|
0020  00 00 00 00 00 00 00 00 00 00 00 00 00 00 00 00  |................|
0030  00 00 00 00 00 00 00 00 00 00 00 00 00 00 00 00  |................|
0040  00                                               |.|
[16.9130] WRITE h=0x5bc n=65
0000  00 AE 1E 00 0F C8 80 0D 06 06 12 06 20 00 0C 00  |............ ...|
0010  20 00 21 F5 4B 00 00 00 00 00 00 00 00 00 00 00  | .!.K...........|
0020  00 00 00 00 00 00 00 00 00 00 00 00 00 00 00 00  |................|
0030  00 00 00 00 00 00 00 00 00 00 00 00 00 00 00 00  |................|
0040  00                                               |.|
[17.3890] WRITE h=0x5bc n=65
0000  00 AE 1E 00 0F C8 80 0D 06 06 12 06 20 00 0C 00  |............ ...|
0010  20 00 21 F5 4B 00 00 00 00 00 00 00 00 00 00 00  | .!.K...........|
0020  00 00 00 00 00 00 00 00 00 00 00 00 00 00 00 00  |................|
0030  00 00 00 00 00 00 00 00 00 00 00 00 00 00 00 00  |................|
0040  00                                               |.|
[17.8430] WRITE h=0x5bc n=65
0000  00 AE 1E 00 0F C8 80 0D 06 06 12 06 20 00 0C 00  |............ ...|
0010  20 00 21 F5 4B 00 00 00 00 00 00 00 00 00 00 00  | .!.K...........|
0020  00 00 00 00 00 00 00 00 00 00 00 00 00 00 00 00  |................|
0030  00 00 00 00 00 00 00 00 00 00 00 00 00 00 00 00  |................|
0040  00                                               |.|
[18.2820] WRITE h=0x5bc n=65
0000  00 AE 1E 00 0F C8 80 0D 06 06 12 06 20 00 0C 00  |............ ...|
0010  20 00 21 F5 4B 00 00 00 00 00 00 00 00 00 00 00  | .!.K...........|
0020  00 00 00 00 00 00 00 00 00 00 00 00 00 00 00 00  |................|
0030  00 00 00 00 00 00 00 00 00 00 00 00 00 00 00 00  |................|
0040  00                                               |.|
[18.7310] WRITE h=0x5bc n=65
0000  00 AE 1E 00 0F C8 80 0D 06 06 12 06 20 00 0C 00  |............ ...|
0010  20 00 21 F5 4B 00 00 00 00 00 00 00 00 00 00 00  | .!.K...........|
0020  00 00 00 00 00 00 00 00 00 00 00 00 00 00 00 00  |................|
0030  00 00 00 00 00 00 00 00 00 00 00 00 00 00 00 00  |................|
0040  00                                               |.|
[19.1670] WRITE h=0x5bc n=65
0000  00 AE 1E 00 0F C8 80 0D 06 06 12 06 20 00 0C 00  |............ ...|
0010  20 00 21 F5 4B 00 00 00 00 00 00 00 00 00 00 00  | .!.K...........|
0020  00 00 00 00 00 00 00 00 00 00 00 00 00 00 00 00  |................|
0030  00 00 00 00 00 00 00 00 00 00 00 00 00 00 00 00  |................|
0040  00                                               |.|
[19.6240] WRITE h=0x5bc n=65
0000  00 AE 1E 00 0F C8 80 0D 06 06 12 06 20 00 0C 00  |............ ...|
0010  20 00 21 F5 4B 00 00 00 00 00 00 00 00 00 00 00  | .!.K...........|
0020  00 00 00 00 00 00 00 00 00 00 00 00 00 00 00 00  |................|
0030  00 00 00 00 00 00 00 00 00 00 00 00 00 00 00 00  |................|
0040  00                                               |.|
[19.8780] WRITE h=0x5bc n=65
0000  00 AE 1E 00 09 C8 80 07 03 06 1C 00 01 F1 DF 00  |................|
0010  00 00 00 00 00 00 00 00 00 00 00 00 00 00 00 00  |................|
0020  00 00 00 00 00 00 00 00 00 00 00 00 00 00 00 00  |................|
0030  00 00 00 00 00 00 00 00 00 00 00 00 00 00 00 00  |................|
0040  00                                               |.|
